      0/99     7.61G   0.02552   0.03558         0    0.0611        18       512    0.2021    0.9167    0.2028    0.1532   0.01953  0.008269         0
      1/99     10.6G   0.02654   0.02446         0     0.051        19      1408    0.2034    0.9491    0.2116    0.1657    0.0194  0.007407         0
      2/99     10.6G   0.02517   0.01657         0   0.04174        16      1536    0.2102      0.95    0.2214    0.1711   0.01881  0.007301         0
      3/99     10.6G   0.02149   0.01167         0   0.03315        14      1248    0.2068      0.95    0.2335     0.183   0.01798  0.007468         0
      4/99     10.6G   0.02369    0.0157         0   0.03939        12       832    0.2099    0.9833    0.2424    0.1832   0.01806  0.007286         0
      5/99     10.6G   0.02283   0.01596         0   0.03878        37      1536     0.208    0.9333    0.2519    0.1953   0.01786  0.007125         0
      6/99     10.6G   0.02111   0.01547         0   0.03659        15      1184    0.2134    0.9667    0.2538     0.199   0.01793  0.006943         0
      7/99     10.6G   0.02366   0.02077         0   0.04443        18       992    0.2473       0.7     0.269    0.2145   0.01789  0.006907         0
      8/99     10.6G   0.02193   0.01418         0   0.03611        20      1504    0.2768       0.7    0.3097     0.231    0.0201  0.006653         0
      9/99     10.6G   0.02334   0.01804         0   0.04139        22       544    0.2887    0.8667    0.3609    0.2823   0.01787  0.006777         0
     10/99     10.6G   0.02211   0.01316         0   0.03527        19      1152    0.5163    0.4667    0.4784    0.3552   0.01962  0.006595         0
     11/99     10.6G   0.02278   0.01601         0   0.03879        19       768    0.3793    0.8667    0.5251     0.403     0.019  0.006459         0
     12/99     10.6G   0.02266   0.01246         0   0.03512        10      1504    0.7025    0.6333    0.7137    0.5166   0.02066  0.006147         0
     13/99     10.6G   0.02395   0.01181         0   0.03576        11      1184    0.7849    0.7333    0.8359    0.6511   0.01883  0.005693         0
     14/99     10.6G   0.02384   0.01217         0   0.03601        25       928    0.8445    0.8167    0.8786    0.6707   0.01971  0.005031         0
     15/99     10.6G   0.02456  0.009151         0   0.03372        17       576    0.8905    0.8167    0.9122    0.6879   0.02163  0.004471         0
     16/99     10.6G    0.0233  0.008215         0   0.03152        19       736    0.8028    0.9496    0.9156    0.6697   0.02378  0.004784         0
     17/99     10.6G   0.02791    0.0139         0   0.04181        23       832    0.7531    0.8642    0.8647    0.6203   0.02533  0.005422         0
     18/99     10.6G   0.02497   0.00832         0   0.03329        12      1152    0.7709       0.9    0.8816    0.6713   0.02326  0.005794         0
     19/99     10.6G   0.02398  0.009717         0    0.0337        14      1024    0.9138    0.8833    0.9453    0.7153    0.0201  0.004535         0
     20/99     10.6G   0.02585   0.00725         0    0.0331        24       672         1    0.8999    0.9755    0.7716   0.02272  0.003898         0
     21/99     10.6G   0.02611  0.007826         0   0.03394        14       960    0.9811    0.8667    0.9683    0.7105   0.02423  0.004315         0
     22/99     10.6G   0.02562    0.0104         0   0.03602        30       704    0.6774      0.55    0.6243    0.3587   0.02905  0.007589         0
     23/99     10.6G   0.02789  0.009167         0   0.03705        16       928     0.905    0.9667    0.9693    0.6223   0.02454  0.005035         0
     24/99     10.6G   0.02767  0.008628         0    0.0363        12      1024    0.7177      0.85    0.8421    0.5288   0.02482  0.005589         0
     25/99     10.6G   0.02623  0.009742         0   0.03598        23       768     0.918    0.9331    0.9696    0.6524   0.02387  0.004133         0
