      0/49    0.552G   0.02643   0.03601         0   0.06244        26       512    0.1901    0.9661    0.2173     0.177   0.01818  0.006954         0
      1/49     7.18G   0.02431   0.02455         0   0.04886        28      1408    0.1872    0.9833    0.2282    0.1888   0.01765  0.005956         0
      2/49     2.94G   0.02571   0.01762         0   0.04333        23      1536    0.1892      0.95    0.2354    0.1983   0.01603  0.005805         0
      3/49     1.22G   0.02061    0.0138         0   0.03442        28      1248    0.1948       0.9    0.2414    0.2053   0.01573  0.005862         0
      4/49      6.8G   0.02108   0.01713         0   0.03821        21       832    0.2058    0.8833    0.2836    0.2392   0.01621  0.005508         0
      5/49     12.4G   0.02163    0.0165         0   0.03813        45      1536    0.2331    0.7333    0.3164    0.2723   0.01862  0.005298         0
      6/49     8.11G   0.02124   0.01674         0   0.03798        23      1184    0.2566    0.7333    0.3258    0.2753   0.01763  0.005185         0
      7/49     13.6G   0.02323   0.02193         0   0.04515        44       992     0.241       0.9    0.3233    0.2665    0.0172  0.005098         0
      8/49     13.6G   0.02439   0.01534         0   0.03972        35      1504    0.3647    0.3833    0.3618    0.3153   0.01694  0.005031         0
      9/49     13.6G   0.02353    0.0232         0   0.04673        45       544    0.3387    0.6333    0.4233    0.3694   0.01643  0.004892         0
     10/49     7.53G   0.02433   0.01668         0   0.04101        32      1152    0.5069      0.55    0.4673     0.389    0.0165  0.004843         0
     11/49     13.1G    0.0234    0.0177         0    0.0411        37       768    0.5688    0.6155    0.5479     0.472   0.01795  0.004417         0
     12/49     13.1G   0.02356   0.01389         0   0.03745        24      1504    0.7084      0.65    0.7128    0.5162   0.02465  0.004382         0
     13/49     13.1G   0.02256   0.01115         0   0.03371        18      1184    0.6392       0.8    0.7469    0.6173   0.01647  0.003846         0
     14/49     13.1G   0.02287   0.01275         0   0.03563        28       928    0.6804    0.8162     0.819    0.6205   0.01901  0.003465         0
     15/49     13.1G   0.02052   0.01017         0   0.03069        26       576    0.7775     0.699    0.8098    0.6155   0.01984  0.003726         0
     16/49     13.1G   0.02172   0.01054         0   0.03226        21       736    0.7868    0.7998    0.8942    0.6676   0.02032  0.003455         0
     17/49     13.1G   0.02609   0.01333         0   0.03941        37       832    0.8064     0.833     0.907    0.7311   0.02202  0.003284         0
     18/49     13.1G   0.02301  0.009591         0    0.0326        16      1152     0.847    0.8333    0.9118    0.7008   0.02139   0.00325         0
     19/49     13.1G   0.02298   0.01266         0   0.03565        22      1024    0.8792      0.85     0.935    0.6923    0.0241  0.003337         0
     20/49     13.1G   0.02224   0.00773         0   0.02997        38       672    0.9491    0.9331     0.969    0.7222   0.02207  0.003246         0
     21/49     13.1G   0.02457  0.008158         0   0.03273        29       960    0.9461    0.8833    0.9598    0.7903   0.02318  0.002909         0
     22/49     13.1G   0.02273   0.01313         0   0.03586        45       704    0.9642       0.9    0.9723    0.7772   0.02308  0.002948         0
     23/49     13.1G   0.02401  0.008208         0   0.03222        28       928    0.9809    0.8833    0.9706    0.7712   0.01942  0.002929         0
     24/49     13.1G   0.02177  0.009049         0   0.03082        24      1024    0.9494    0.9667    0.9692    0.8131   0.02282  0.002944         0
     25/49     13.1G   0.02451   0.01185         0   0.03636        37       768    0.8643    0.8495    0.9221    0.7403   0.02045  0.003157         0
     26/49     13.1G   0.02301  0.008213         0   0.03122        31       960    0.8551       0.9    0.9474    0.7515   0.02054  0.003015         0
     27/49     13.1G   0.01991  0.006664         0   0.02657        18      1536     0.933    0.9333    0.9644    0.7364   0.02242  0.002977         0
     28/49     13.1G   0.02107  0.006402         0   0.02748        25      1376    0.8432       0.9    0.9441    0.7405   0.02219  0.003091         0
     29/49     13.1G   0.02234   0.01057         0   0.03291        27       768    0.9473       0.9    0.9676    0.7395   0.02055  0.002897         0
     30/49     13.1G    0.0209  0.006693         0   0.02759        43      1344    0.9194      0.95    0.9684    0.7531   0.01977  0.002819         0
     31/49     13.1G   0.02115  0.008936         0   0.03009        40      1088    0.9355    0.9665    0.9731    0.7944   0.02002  0.002757         0
     32/49     13.1G   0.02119  0.006505         0    0.0277        22      1088    0.9661    0.9499    0.9744    0.7695   0.02148  0.002609         0
     33/49     13.1G   0.02009  0.009763         0   0.02985        20       512    0.9501    0.9667    0.9676    0.7887   0.01963  0.002721         0
     34/49     13.1G   0.01989  0.005954         0   0.02584        22      1536    0.9826      0.95    0.9777    0.8285   0.01991  0.002654         0
     35/49     13.1G   0.02188   0.00715         0   0.02903        21      1504    0.9661    0.9497    0.9821    0.8124   0.01906  0.002652         0
     36/49     13.1G   0.02109    0.0101         0   0.03119        27       800    0.9827    0.9493    0.9701    0.8239    0.0185  0.002926         0
     37/49     13.1G   0.02066  0.007252         0   0.02791        30      1408    0.9663    0.9667    0.9823    0.8233   0.01671  0.002721         0
     38/49     13.1G   0.02211  0.007818         0   0.02993        17       640    0.9497      0.95    0.9788    0.8272   0.01639  0.002506         0
     39/49     13.1G   0.01972   0.00549         0   0.02521        38      1184    0.9355    0.9662    0.9788     0.848   0.01608  0.002404         0
     40/49     13.1G   0.02002  0.007457         0   0.02748        26      1024    0.9828    0.9499    0.9799    0.8576   0.01783  0.002431         0
     41/49     13.1G   0.01982  0.007433         0   0.02725        25       960    0.9658      0.95    0.9841    0.8639   0.01841  0.002455         0
     42/49     13.1G   0.02173  0.007825         0   0.02955        28       736    0.9998    0.9167    0.9859     0.832   0.01826  0.002409         0
     43/49     13.1G   0.01914  0.005925         0   0.02507        27       928    0.9512    0.9833    0.9875    0.8486   0.01732  0.002471         0
     44/49     13.1G   0.01952  0.007411         0   0.02693        24       896    0.9833    0.9833    0.9888    0.8243    0.0166  0.002501         0
     45/49     13.1G   0.02015    0.0101         0   0.03024        30       512     0.983    0.9667    0.9866    0.8347   0.01705  0.002486         0
     46/49     13.1G   0.01871   0.01147         0   0.03017        36      1408     0.983    0.9667    0.9859    0.8503   0.01681  0.002469         0
     47/49     13.1G   0.01946  0.005597         0   0.02505        22      1376    0.9833    0.9832    0.9901    0.8493   0.01632  0.002475         0
     48/49     13.1G   0.01882   0.00909         0   0.02791        34      1472     0.983    0.9666    0.9874    0.8464   0.01605  0.002461         0
     49/49     13.1G   0.01984  0.009499         0   0.02934        30      1024    0.9831    0.9666    0.9858    0.8566     0.016  0.002451         0
