      0/99    0.684G   0.02552   0.03558         0    0.0611        18       512    0.2021    0.9167    0.2028    0.1532   0.01953  0.008269         0
      1/99     5.76G     0.027   0.02446         0   0.05145        19      1408    0.2041    0.9491    0.2132    0.1615   0.01951  0.007407         0
      2/99     2.49G   0.02521   0.01661         0   0.04182        16      1536    0.2074    0.9464    0.2188    0.1688   0.01899  0.007332         0
      3/99     1.22G   0.02166   0.01164         0    0.0333        14      1248    0.2085    0.9667    0.2279    0.1781   0.01809  0.007417         0
      4/99     6.81G   0.02356   0.01567         0   0.03922        12       832    0.2442    0.5833    0.2451    0.1886   0.01819  0.007309         0
      5/99     9.88G   0.02274    0.0159         0   0.03863        37      1536    0.2135      0.95     0.261    0.1943   0.01939    0.0072         0
      6/99     7.68G   0.02146    0.0156         0   0.03706        15      1184    0.2129    0.9667    0.2805    0.2167   0.01826  0.007017         0
      7/99     10.7G   0.02399   0.02071         0    0.0447        18       992    0.2493    0.7333    0.2954    0.2274   0.01772  0.006897         0
      8/99     10.7G   0.02143   0.01417         0    0.0356        20      1504    0.2679    0.6647    0.2935    0.2273   0.01892   0.00657         0
      9/99     10.7G   0.02328   0.01828         0   0.04156        22       544    0.3391    0.6333    0.3284     0.253   0.01782  0.006714         0
     10/99     7.53G   0.02267    0.0133         0   0.03597        19      1152    0.2937    0.7667    0.4057    0.3062   0.01873  0.006568         0
     11/99     10.6G    0.0226   0.01639         0   0.03898        19       768    0.3801    0.5833    0.4318    0.3222   0.02014  0.006456         0
     12/99     10.6G   0.02249   0.01289         0   0.03538        10      1504     0.499      0.75    0.5905      0.44   0.02279  0.006276         0
     13/99     10.6G   0.02447   0.01234         0   0.03681        11      1184    0.7076      0.75    0.7539    0.5911   0.01912  0.006082         0
     14/99     10.6G   0.02345   0.01268         0   0.03613        25       928    0.8487      0.85    0.8741    0.6236    0.0202  0.005321         0
     15/99     10.6G   0.02368  0.009615         0    0.0333        17       576     0.852    0.8667    0.9026    0.6588   0.02069  0.004861         0
     16/99     10.6G   0.02242  0.008728         0   0.03115        19       736    0.7733    0.9667    0.8989    0.6613   0.02008  0.004817         0
     17/99     10.6G    0.0264   0.01461         0   0.04101        23       832    0.8643    0.8494    0.8962    0.6698   0.02026  0.005284         0
     18/99     10.6G    0.0242  0.008642         0   0.03284        12      1152    0.8506    0.9489    0.9369    0.7066   0.02086  0.004971         0
     19/99     10.6G   0.02415  0.009763         0   0.03391        14      1024    0.9062    0.9665    0.9807    0.7307   0.02081   0.00454         0
     20/99     10.6G    0.0242  0.007451         0   0.03165        24       672    0.9321    0.9167    0.9658    0.7711   0.01971  0.003628         0
     21/99     10.6G   0.02516  0.008347         0    0.0335        14       960    0.9464    0.8831    0.9625    0.6982   0.02345  0.003823         0
     22/99     10.6G   0.02442   0.01053         0   0.03496        30       704    0.8746    0.8167     0.897    0.6255   0.02126  0.004683         0
     23/99     10.6G   0.02527   0.00854         0   0.03381        16       928    0.9298    0.8829    0.9457    0.7214   0.02065  0.004444         0
     24/99     10.6G   0.02589  0.008755         0   0.03464        12      1024    0.9434    0.8328     0.935    0.7136   0.01977  0.005171         0
     25/99     10.6G    0.0231  0.009062         0   0.03216        23       768    0.8978    0.8833    0.9295     0.711   0.02266  0.004121         0
