      0/49    0.661G   0.02901   0.03687         0   0.06588        32       512    0.1583         1    0.1817   0.09797   0.04306  0.009201         0
      1/49     7.18G   0.02618   0.02787         0   0.05405        30      1408    0.1619      0.95    0.1896    0.1035    0.0427  0.008282         0
      2/49     2.46G   0.02693   0.01745         0   0.04439        26      1536    0.1617    0.8833    0.1871    0.1076   0.04227  0.008053         0
      3/49     1.23G    0.0233   0.01462         0   0.03792        24      1248    0.1564    0.9826    0.1907    0.1132    0.0404  0.008042         0
      4/49     6.68G   0.02466   0.01892         0   0.04358        23       832    0.1582       0.9    0.1937     0.122   0.03862  0.007683         0
      5/49     12.3G   0.02528   0.01736         0   0.04263        37      1536    0.1609    0.9833    0.2016    0.1323   0.03591  0.007472         0
      6/49     7.71G   0.02334   0.01479         0   0.03814        21      1184    0.2035     0.528    0.2158    0.1429   0.03468  0.007211         0
      7/49     13.2G   0.02186   0.02249         0   0.04436        39       992    0.1671    0.9167    0.1818    0.1241   0.03316  0.007129         0
      8/49     13.2G   0.02291   0.01572         0   0.03863        43      1504    0.2475    0.4833    0.2437    0.1642   0.03454  0.006673         0
      9/49     13.2G    0.0236   0.02251         0   0.04611        31       544     0.388    0.5333    0.3664      0.26   0.03605  0.006496         0
     10/49     7.54G   0.02127    0.0166         0   0.03787        26      1152    0.3308    0.7333    0.3369    0.2369     0.036   0.00657         0
     11/49     13.1G   0.02252   0.01903         0   0.04155        32       768    0.4315    0.6324    0.4035    0.2961   0.03482  0.006312         0
     12/49     13.1G   0.02224   0.01618         0   0.03842        24      1504    0.5062    0.6333    0.5521    0.4177   0.03506  0.005953         0
     13/49     13.1G   0.02085   0.01325         0    0.0341        14      1184    0.6261    0.6979    0.7084    0.5127   0.03276   0.00542         0
     14/49     13.1G   0.02375   0.01468         0   0.03842        30       928    0.7142    0.6665    0.7117    0.5619    0.0305  0.005281         0
     15/49     13.1G   0.02164   0.01185         0   0.03349        26       576     0.783    0.7819    0.7998    0.6157   0.03213    0.0048         0
     16/49     13.1G   0.01992   0.01041         0   0.03033        21       736    0.8147    0.7333    0.8723    0.6272   0.03062  0.004621         0
     17/49     13.1G   0.02452   0.01533         0   0.03985        41       832    0.8695    0.6665    0.8402    0.6391   0.03249  0.004625         0
     18/49     13.1G   0.02208   0.01037         0   0.03245        12      1152    0.8775    0.7163    0.8889    0.6836   0.03185  0.004344         0
     19/49     13.1G   0.02426   0.01174         0     0.036        25      1024    0.8195    0.8333    0.8975    0.6414   0.03416  0.005212         0
     20/49     13.1G   0.02159  0.009472         0   0.03106        42       672    0.9375      0.75    0.9091    0.6321   0.03585  0.004912         0
     21/49     13.1G   0.02299  0.009056         0   0.03205        19       960    0.8887    0.7986    0.9061    0.6888   0.03423  0.004259         0
     22/49     13.1G   0.02258    0.0137         0   0.03628        38       704    0.8906    0.8333    0.9332    0.7182   0.03561  0.004179         0
     23/49     13.1G   0.02422  0.009255         0   0.03348        26       928     0.931    0.8992    0.9617    0.7533   0.03485   0.00436         0
     24/49     13.1G    0.0217   0.00887         0   0.03057        22      1024    0.9102      0.85    0.9572     0.762   0.03083  0.004163         0
     25/49     13.1G   0.02305    0.0119         0   0.03496        35       768    0.9122    0.8667    0.9546    0.6884   0.03295  0.004367         0
     26/49     13.1G   0.02006  0.008793         0   0.02885        28       960    0.8833    0.8833    0.9492    0.7379   0.02929  0.004161         0
     27/49     13.1G   0.02142  0.006957         0   0.02837        17      1536     0.909    0.8333    0.9469    0.7527   0.02883  0.004208         0
     28/49     13.1G   0.02175  0.007828         0   0.02958        20      1376    0.9643    0.8991    0.9653    0.7522   0.02609  0.004355         0
     29/49     13.1G   0.02211  0.009996         0   0.03211        28       768    0.8793    0.8499    0.9359    0.7014   0.03226  0.004151         0
     30/49     13.1G    0.0202  0.007681         0   0.02788        38      1344    0.8926    0.8333    0.9237    0.7222   0.03102  0.004321         0
     31/49     13.1G   0.02123  0.009285         0   0.03052        31      1088    0.8586    0.9167    0.9509    0.7613   0.02968  0.004178         0
     32/49     13.1G   0.01847  0.006907         0   0.02537        23      1088    0.8889    0.9331    0.9629    0.7741   0.02821  0.003959         0
     33/49     13.1G   0.01983  0.009946         0   0.02977        21       512    0.9152    0.8997    0.9627    0.7607   0.02847  0.004287         0
     34/49     13.1G   0.01812  0.006322         0   0.02445        21      1536    0.8636    0.9497    0.9621    0.7616   0.02908  0.004237         0
     35/49     13.1G   0.01821  0.006601         0   0.02481        14      1504    0.8209    0.9166    0.9464    0.7563   0.03132  0.004165         0
     36/49     13.1G   0.02047  0.008559         0   0.02903        25       800    0.9012    0.9167    0.9665    0.7884   0.03196  0.004089         0
     37/49     13.1G   0.01866  0.007535         0    0.0262        29      1408    0.9032    0.9332    0.9648    0.7766   0.03088  0.004066         0
     38/49     13.1G   0.01877  0.009822         0    0.0286        14       640    0.9193    0.9495    0.9756     0.794   0.03069  0.003997         0
     39/49     13.1G   0.01726  0.005318         0   0.02258        30      1184    0.8676    0.9833    0.9737    0.7896    0.0281  0.004132         0
     40/49     13.1G   0.01893   0.00786         0   0.02679        26      1024    0.9193      0.95    0.9706    0.7974   0.02824  0.004117         0
     41/49     13.1G   0.01809  0.007845         0   0.02593        30       960    0.9343      0.95    0.9753    0.8038    0.0278   0.00411         0
     42/49     13.1G   0.01883  0.007881         0   0.02671        27       736    0.9206    0.9666    0.9757    0.8036   0.02632  0.004095         0
     43/49     13.1G   0.01558  0.005933         0   0.02152        30       928    0.9344      0.95    0.9769    0.8105   0.02499  0.004124         0
     44/49     13.1G   0.01734   0.00732         0   0.02466        22       896    0.9508    0.9667    0.9827    0.8033   0.02493  0.004113         0
     45/49     13.1G   0.01831   0.01244         0   0.03076        24       512    0.9076    0.9833    0.9805    0.8003   0.02517  0.004023         0
     46/49     13.1G   0.01669   0.01069         0   0.02739        29      1408    0.9365     0.983     0.981    0.8066   0.02536  0.003987         0
     47/49     13.1G    0.0165   0.00601         0   0.02251        20      1376    0.9365    0.9831    0.9806    0.8143   0.02542  0.004008         0
     48/49     13.1G    0.0171  0.009368         0   0.02647        32      1472    0.9364    0.9833    0.9813    0.8221   0.02534  0.004012         0
     49/49     13.1G   0.01778  0.008917         0    0.0267        33      1024    0.9365    0.9826    0.9796    0.8189   0.02536  0.004028         0
