      0/49     6.29G   0.02293   0.03413         0   0.05706        13       512    0.3666    0.4631    0.3708    0.3338   0.02555  0.007911         0
      1/49     11.8G   0.02252   0.02618         0    0.0487        18      1408    0.3067    0.5833    0.3671    0.3314   0.02517  0.006985         0
      2/49     11.8G   0.02128   0.01729         0   0.03857        20      1536    0.3357    0.5644    0.3811    0.3481   0.02425  0.006729         0
      3/49     11.8G   0.01861   0.01305         0   0.03166        20      1248     0.351      0.65    0.3901    0.3501   0.02402  0.006728         0
      4/49     11.8G   0.01991   0.01562         0   0.03553        12       832    0.4286    0.5167    0.3759    0.3333   0.02374  0.006553         0
      5/49     11.8G   0.02219   0.01525         0   0.03744        23      1536    0.3942    0.5641    0.4038    0.3683   0.02115  0.006499         0
      6/49     11.8G   0.02164   0.01413         0   0.03577        15      1184    0.4207    0.5667    0.4432    0.3887   0.02387  0.006357         0
      7/49     11.8G   0.02066   0.02161         0   0.04226        20       992    0.3501    0.6823    0.4357    0.3866   0.02247  0.006087         0
      8/49     11.8G   0.01884   0.01352         0   0.03236        32      1504    0.4185    0.5667    0.4282    0.3794    0.0235  0.006057         0
      9/49     11.8G   0.01954   0.01848         0   0.03802        30       544    0.3891    0.7167    0.4718    0.4297   0.02313  0.005794         0
     10/49     11.8G   0.02164   0.01337         0   0.03501        25      1152    0.5552    0.5833      0.57    0.5004    0.0254  0.005655         0
     11/49     11.8G    0.0212   0.01488         0   0.03608        21       768    0.6216      0.85    0.7326    0.6263   0.02229  0.005361         0
     12/49     11.8G   0.02394   0.01151         0   0.03545        12      1504    0.7617     0.799    0.8126    0.6717   0.02357  0.004856         0
     13/49     11.8G   0.02098   0.01164         0   0.03263         9      1184    0.9756    0.6833    0.8993    0.7228   0.02962    0.0046         0
     14/49     11.8G   0.02405   0.01163         0   0.03568        18       928    0.9138    0.8832    0.9554    0.7726   0.02952  0.004003         0
     15/49     11.8G   0.02224  0.008459         0    0.0307        15       576    0.9426    0.8333    0.9518    0.7715   0.02529  0.003922         0
     16/49     11.8G   0.02271  0.009344         0   0.03205        19       736    0.9809    0.8667    0.9703    0.8013   0.02522  0.003563         0
     17/49     11.8G   0.02281   0.01228         0   0.03509        19       832    0.9302       0.9    0.9587     0.777   0.02818  0.003826         0
     18/49     11.8G    0.0213  0.007141         0   0.02844        15      1152    0.9643    0.8999    0.9757    0.8092    0.0335  0.003574         0
     19/49     11.8G   0.02089  0.009026         0   0.02992        15      1024    0.9508    0.9666    0.9804    0.8371   0.03111  0.003598         0
     20/49     11.8G   0.02268  0.006807         0   0.02948        28       672    0.9192      0.95    0.9782    0.8343   0.02858  0.003619         0
     21/49     11.8G   0.02009  0.007351         0   0.02744        21       960    0.9998    0.9333    0.9865    0.8207   0.02856  0.003832         0
     22/49     11.8G   0.02222   0.01229         0   0.03451        30       704    0.9824    0.9333    0.9751    0.7984   0.02762  0.004096         0
     23/49     11.8G   0.02169  0.007442         0   0.02913        20       928     0.887    0.9162    0.9549    0.7978   0.02631  0.003934         0
     24/49     11.8G   0.02005  0.007122         0   0.02717        10      1024    0.9473    0.8996    0.9652    0.8118   0.02232  0.003888         0
     25/49     11.8G   0.02193  0.009182         0   0.03111        28       768    0.9999    0.9167    0.9795    0.7912   0.02783  0.003764         0
     26/49     11.8G   0.02198   0.00752         0    0.0295        15       960     0.806       0.9    0.8913     0.737    0.0301  0.004278         0
     27/49     11.8G   0.01847  0.005649         0   0.02412        15      1536         1    0.9499    0.9812    0.8489   0.03248  0.003449         0
     28/49     11.8G   0.01904  0.006361         0    0.0254        12      1376    0.9829    0.9667    0.9864    0.8074   0.02773  0.003608         0
     29/49     11.8G   0.02153  0.008109         0   0.02964        15       768    0.9661    0.9498    0.9825    0.7646   0.02827  0.003961         0
     30/49     11.8G   0.02041  0.006735         0   0.02715        32      1344    0.9669    0.9833    0.9867    0.7972   0.02897  0.003925         0
     31/49     11.8G    0.0203  0.008428         0   0.02872        22      1088     0.981       0.9    0.9792    0.8002    0.0288  0.003875         0
     32/49     11.8G   0.01953  0.006301         0   0.02583        14      1088    0.9666    0.9667    0.9863    0.8266   0.02773  0.003597         0
     33/49     11.8G   0.01991  0.007317         0   0.02723        10       512    0.9661      0.95    0.9826     0.815   0.02553  0.003678         0
     34/49     11.8G   0.02252  0.006432         0   0.02895        18      1536    0.9661    0.9499    0.9838    0.8367   0.02317  0.003544         0
     35/49     11.8G   0.01951  0.007229         0   0.02674        13      1504    0.9828    0.9498    0.9862    0.8685   0.02514  0.003579         0
     36/49     11.8G   0.02094  0.008635         0   0.02958        13       800    0.9375    0.9992    0.9894    0.8386   0.02611  0.003629         0
     37/49     11.8G   0.01962  0.007059         0   0.02668        21      1408    0.9829    0.9667    0.9861     0.843   0.02529  0.003756         0
     38/49     11.8G    0.0191  0.006539         0   0.02564        12       640     0.983    0.9665    0.9833    0.8651   0.02687   0.00362         0
     39/49     11.8G   0.01714  0.004593         0   0.02173        22      1184     0.983    0.9667    0.9884    0.8836   0.02742   0.00349         0
     40/49     11.8G   0.01902  0.005785         0   0.02481        29      1024         1    0.9666    0.9921    0.8814   0.02682  0.003447         0
     41/49     11.8G    0.0175  0.006388         0   0.02388        16       960         1      0.95    0.9909    0.8902    0.0254  0.003488         0
     42/49     11.8G   0.01833  0.006584         0   0.02491        11       736    0.9514    0.9833    0.9858    0.8841   0.02554  0.003476         0
     43/49     11.8G   0.01616  0.004389         0   0.02055        31       928    0.9667    0.9666    0.9843    0.8785   0.02458  0.003521         0
     44/49     11.8G   0.01535  0.006167         0   0.02152        13       896    0.9227         1      0.99    0.8772    0.0251  0.003528         0
     45/49     11.8G   0.01957  0.008883         0   0.02845        23       512    0.9667    0.9666    0.9839    0.8811   0.02555  0.003457         0
     46/49     11.8G   0.01685  0.007801         0   0.02465        24      1408    0.9667    0.9666     0.991    0.8895   0.02598  0.003473         0
     47/49     11.8G   0.01771   0.00561         0   0.02332        12      1376    0.9667    0.9666    0.9902    0.8896   0.02574   0.00348         0
     48/49     11.8G   0.01815  0.008128         0   0.02628        20      1472    0.9365    0.9833    0.9895    0.8876   0.02534  0.003464         0
     49/49     11.8G   0.01801  0.007781         0    0.0258        16      1024    0.9363    0.9833    0.9884    0.8938   0.02525  0.003474         0
