      0/99     56.6G   0.01769   0.02601         0   0.04369        26      2048    0.1835       0.9    0.1808   0.08595   0.01639  0.006946         0
      1/99     55.4G   0.01444  0.008047         0   0.02248        22      2048    0.1789    0.8833    0.1868   0.09783   0.01518  0.006531         0
      2/99     63.7G   0.01569  0.007533         0   0.02322        29      2048     0.177    0.8333    0.1772   0.09698   0.01422  0.006434         0
      3/99     63.7G   0.01398  0.006891         0   0.02087        29      2048    0.1788    0.8667    0.1851   0.09487   0.01421  0.006419         0
      4/99     63.7G   0.01499  0.007175         0   0.02217        33      2048    0.2116    0.4833    0.1947    0.1124   0.01327  0.006153         0
      5/99     63.7G   0.01289  0.006639         0   0.01953        29      2048    0.1891    0.7833    0.2015    0.1195   0.01265  0.005818         0
      6/99     63.7G   0.01317  0.005775         0   0.01894        26      2048    0.2099    0.5333    0.2101    0.1288   0.01298   0.00577         0
      7/99     63.7G   0.01335  0.006047         0    0.0194        26      2048    0.1985    0.7472    0.2544    0.1647   0.01326  0.005625         0
      8/99     63.7G   0.01388  0.006064         0   0.01994        27      2048    0.1969    0.7333    0.2516    0.1575   0.01327  0.005421         0
      9/99     63.7G   0.01385  0.006011         0   0.01987        23      2048    0.2068    0.9333    0.2686    0.1584   0.01415   0.00526         0
     10/99     63.7G   0.01144  0.005422         0   0.01686        27      2048    0.2359       0.7    0.2619    0.1753   0.01253  0.005042         0
     11/99     63.7G   0.01207  0.005899         0   0.01797        23      2048    0.2508    0.6833      0.32    0.2088   0.01304  0.004883         0
     12/99     63.7G   0.01228  0.005947         0   0.01822        29      2048    0.3852    0.5667    0.3816    0.2567   0.01301  0.004916         0
     13/99     63.7G   0.01138  0.005366         0   0.01675        26      2048    0.3453    0.6167    0.3691    0.2227   0.01422  0.005062         0
     14/99     63.7G   0.01274  0.005184         0   0.01793        24      2048    0.6389    0.4833    0.5388    0.3664   0.01303  0.004552         0
     15/99     63.7G   0.01111  0.004596         0    0.0157        25      2048    0.5124    0.5833    0.6229    0.4237   0.01382  0.004306         0
     16/99     63.7G   0.01249  0.004183         0   0.01667        30      2048    0.7097    0.6167    0.7266    0.4813   0.01377  0.004148         0
     17/99     63.7G   0.01171  0.004042         0   0.01575        24      2048     0.791       0.7    0.7848    0.5531   0.01281   0.00375         0
     18/99     63.7G    0.0118  0.003686         0   0.01549        28      2048    0.8302    0.7331    0.8197    0.5486   0.01473  0.003541         0
     19/99     63.7G    0.0116  0.003586         0   0.01519        22      2048    0.8703    0.7833    0.8818    0.5817   0.01339  0.003337         0
     20/99     63.7G   0.01522  0.003732         0   0.01895        28      2048       0.8    0.8665     0.896     0.573   0.01671  0.003301         0
     21/99     63.7G   0.01213  0.003178         0   0.01531        28      2048    0.8792    0.8494    0.9093    0.6066   0.01423  0.003391         0
     22/99     63.7G   0.01064  0.003254         0   0.01389        31      2048     0.738      0.85    0.8673    0.5196   0.01573  0.003359         0
     23/99     63.7G   0.01422  0.003423         0   0.01764        26      2048    0.8523    0.8656    0.9294    0.5604   0.01502  0.003639         0
     24/99     63.7G   0.01239  0.003071         0   0.01546        26      2048     0.912     0.864     0.936    0.6064   0.01392  0.003527         0
     25/99     63.7G   0.01278  0.003385         0   0.01616        27      2048    0.7854    0.8667    0.9034    0.5766   0.01671  0.003763         0
