      0/39     0.48G   0.02551   0.03557         0   0.06108        18       512    0.2011      0.95    0.2025    0.1527   0.01955  0.008276         0
      1/39     6.54G   0.02652   0.02445         0   0.05098        19      1408    0.2039    0.9479    0.2121    0.1641   0.01935  0.007406         0
      2/39     2.42G   0.02526   0.01656         0   0.04182        16      1536    0.2085      0.95    0.2209    0.1713   0.01887  0.007305         0
      3/39     1.48G   0.02142   0.01168         0   0.03309        14      1248    0.2086    0.9662    0.2281     0.179   0.01841  0.007472         0
      4/39     6.87G   0.02482   0.01569         0   0.04052        12       832    0.2297       0.6    0.2415    0.1747   0.01949  0.007503         0
      5/39     9.93G    0.0227   0.01592         0   0.03861        37      1536    0.2127    0.9333    0.2329    0.1812   0.01805  0.007232         0
      6/39     8.14G   0.02144   0.01542         0   0.03686        15      1184    0.2134       0.9    0.2436    0.1816   0.01854  0.007137         0
      7/39     11.2G   0.02364   0.02079         0   0.04443        18       992    0.2429    0.7833    0.2619    0.2099   0.01758  0.006878         0
      8/39     11.2G   0.02169   0.01415         0   0.03584        20      1504    0.2523    0.7333    0.2877     0.223   0.01961  0.006687         0
      9/39     11.2G   0.02325   0.01802         0   0.04127        22       544    0.2692    0.8667    0.3151    0.2443   0.01821  0.006759         0
     10/39     7.54G   0.02279   0.01331         0    0.0361        19      1152    0.3665      0.55    0.3959    0.3042   0.01921  0.006683         0
     11/39     10.6G   0.02201   0.01647         0   0.03848        19       768    0.2994    0.9167    0.4074    0.3058    0.0198  0.006562         0
     12/39     10.6G   0.02208   0.01311         0   0.03519        10      1504    0.5656    0.7167    0.6198    0.4517   0.02131  0.006361         0
     13/39     10.6G   0.02383   0.01237         0    0.0362        11      1184    0.6559       0.7    0.7068    0.5163   0.02039  0.005995         0
     14/39     10.6G    0.0233   0.01339         0   0.03669        25       928    0.8023    0.8167    0.8955    0.6512   0.01863  0.005166         0
     15/39     10.6G    0.0234  0.009628         0   0.03303        17       576    0.8567       0.8    0.8845     0.607   0.02352  0.004732         0
     16/39     10.6G   0.02206  0.008866         0   0.03093        19       736    0.8499    0.8492    0.9174    0.6609   0.02043  0.005247         0
     17/39     10.6G   0.02716   0.01427         0   0.04142        23       832     0.877    0.8322     0.893    0.6646   0.02031  0.005905         0
     18/39     10.6G   0.02338  0.008587         0   0.03196        12      1152    0.8799    0.8667    0.9347    0.7395   0.01944  0.004685         0
     19/39     10.6G    0.0215   0.01002         0   0.03152        14      1024    0.9061    0.9667    0.9641    0.7538   0.01892  0.004158         0
     20/39     10.6G   0.02336  0.007302         0   0.03067        24       672    0.9605    0.8167    0.9343    0.7297   0.01907   0.00397         0
     21/39     10.6G   0.02391  0.008323         0   0.03224        14       960    0.8203    0.9167    0.9263    0.7048   0.02069  0.004368         0
     22/39     10.6G   0.02353   0.01017         0   0.03369        30       704    0.9642       0.9    0.9571    0.7519   0.01886  0.004138         0
     23/39     10.6G   0.02386  0.008617         0   0.03248        16       928    0.8997       0.9    0.9458    0.7188   0.02002  0.004407         0
     24/39     10.6G    0.0233  0.008915         0   0.03222        12      1024    0.9644    0.9333    0.9747    0.7848   0.01787  0.004047         0
     25/39     10.6G   0.02187  0.008787         0   0.03065        23       768    0.9165    0.9167    0.9744    0.7565   0.01886  0.003803         0
     26/39     10.6G   0.02259   0.00765         0   0.03024        20       960    0.9332    0.9333    0.9712    0.7909   0.01773  0.003637         0
     27/39     10.6G   0.01872  0.005972         0   0.02469         7      1536      0.95    0.9499    0.9757    0.7983   0.01846  0.003751         0
     28/39     10.6G   0.01953   0.00559         0   0.02513        10      1376    0.9492    0.9333    0.9809    0.7789   0.01821  0.004101         0
     29/39     10.6G   0.02047  0.008311         0   0.02878        17       768    0.9827      0.95    0.9885    0.8109   0.01764  0.003645         0
     30/39     10.6G   0.02001  0.006468         0   0.02648        23      1344    0.9146       0.9    0.9704    0.7941   0.01825  0.004032         0
     31/39     10.6G   0.02132  0.008495         0   0.02982        23      1088    0.9312    0.9167    0.9776    0.7945   0.01921   0.00383         0
