      0/99     2.65G   0.02388   0.01542         0    0.0393        28       640    0.2069    0.8829    0.2076    0.1525   0.03401   0.01079         0
      1/99     3.89G   0.02384  0.008876         0   0.03272        22       640    0.2038    0.8833    0.2054    0.1497   0.03404  0.009509         0
      2/99     3.89G   0.02395  0.007259         0    0.0312        24       640    0.2022    0.8667    0.2039    0.1436   0.03403  0.009121         0
      3/99     3.89G    0.0237  0.006473         0   0.03017        30       640    0.2007      0.85    0.2072    0.1456   0.03339  0.009015         0
      4/99     3.89G   0.02362  0.006722         0   0.03034        27       640    0.1999      0.85     0.203    0.1442   0.03299  0.008913         0
      5/99     3.89G    0.0235   0.00626         0   0.02976        35       640    0.2048    0.8333    0.2108    0.1496   0.03345  0.008795         0
      6/99     3.89G   0.02066  0.006182         0   0.02684        30       640    0.2094    0.8333    0.2144    0.1536   0.03359  0.008725         0
      7/99     3.89G   0.02261  0.005976         0   0.02859        35       640    0.2093       0.9    0.2451    0.1839   0.03299  0.008611         0
      8/99     3.89G   0.02303  0.005753         0   0.02878        26       640    0.2307    0.7167    0.2386    0.1731    0.0324  0.008468         0
      9/99     3.89G    0.0228  0.005617         0   0.02842        28       640    0.2147     0.916    0.2395    0.1719   0.03154  0.008382         0
     10/99     3.89G   0.02314  0.005681         0   0.02882        26       640    0.2197    0.8333    0.2631    0.1886   0.03361  0.008261         0
     11/99     3.89G   0.02261  0.005612         0   0.02822        34       640    0.2537    0.5779    0.2625    0.1838   0.03277  0.008196         0
     12/99     3.89G   0.02365    0.0061         0   0.02975        21       640    0.2388    0.7333    0.2801    0.1999   0.03275  0.008092         0
     13/99     3.89G   0.02219  0.005908         0    0.0281        36       640    0.2189       0.9    0.3183    0.2308   0.03268  0.007944         0
     14/99     3.89G   0.02203   0.00577         0    0.0278        35       640    0.2248    0.8667    0.3165    0.2335   0.03348  0.007797         0
     15/99     3.89G   0.02236  0.005583         0   0.02794        30       640    0.2615      0.65     0.333    0.2392   0.03462  0.007636         0
     16/99     3.89G   0.02248  0.005494         0   0.02797        28       640    0.2913      0.55    0.3539    0.2559   0.03293  0.007586         0
     17/99     3.89G   0.02144  0.005005         0   0.02645        22       640    0.2775    0.7297     0.373    0.2599   0.03358  0.007513         0
     18/99     3.89G   0.02225   0.00523         0   0.02748        26       640    0.3066      0.75    0.4294    0.3136   0.03366   0.00738         0
     19/99     3.89G   0.02302  0.005308         0   0.02833        26       640    0.3332    0.6667    0.4159    0.2986   0.03365  0.007427         0
     20/99     3.89G    0.0227  0.005294         0   0.02799        25       640    0.3422      0.75    0.4407    0.3107   0.03389  0.007301         0
     21/99     3.89G   0.02207  0.005359         0   0.02743        21       640    0.4751    0.5167    0.4742    0.3258   0.03405  0.007154         0
     22/99     3.89G   0.02207  0.004998         0   0.02707        26       640    0.4198    0.6753    0.4839    0.3477   0.03434  0.007128         0
     23/99     3.89G   0.02258  0.005208         0   0.02779        19       640    0.4239    0.7333    0.5249    0.3729   0.03617  0.006966         0
     24/99     3.89G   0.02285   0.00482         0   0.02767        29       640    0.4969       0.6     0.551    0.3883   0.03728  0.006745         0
     25/99     3.89G   0.02123  0.004875         0   0.02611        19       640    0.5184    0.6637    0.5804    0.4278   0.03313  0.006899         0
     26/99     3.89G   0.02347   0.00502         0   0.02849        32       640    0.6045    0.6667    0.6332    0.4728   0.03307  0.006691         0
     27/99     3.89G   0.02248  0.004643         0   0.02712        25       640    0.6953      0.65    0.6599    0.4869   0.03301  0.006471         0
     28/99     3.89G   0.02202  0.004767         0   0.02679        22       640    0.7184    0.6805    0.6974    0.5121   0.03431  0.006154         0
     29/99     3.89G   0.02266  0.004518         0   0.02718        33       640    0.7455    0.7325    0.7536      0.55   0.03685  0.005827         0
     30/99     3.89G   0.02165  0.004101         0   0.02575        30       640    0.7537    0.8167    0.8043    0.5857   0.03451  0.005642         0
     31/99     3.89G    0.0218  0.004084         0   0.02588        20       640    0.8775    0.7167    0.8357     0.627   0.03394  0.005444         0
     32/99     3.89G   0.02142  0.003589         0   0.02501        27       640    0.8845    0.7655    0.8963    0.6644   0.03409  0.005375         0
     33/99     3.89G   0.02216  0.003586         0   0.02575        34       640    0.7496      0.75    0.8511    0.5968   0.03451     0.006         0
     34/99     3.89G    0.0243  0.003421         0   0.02772        20       640    0.6624    0.8831    0.8464    0.5986   0.03615  0.005957         0
     35/99     3.89G   0.02481  0.003512         0   0.02832        21       640    0.8461    0.8333     0.891    0.6606     0.033  0.005324         0
     36/99     3.89G    0.0226  0.003178         0   0.02577        30       640    0.8059    0.8995    0.9234    0.7009   0.03561  0.005161         0
     37/99     3.89G   0.02416  0.003229         0   0.02738        31       640    0.8436       0.9    0.9308    0.7139   0.03269   0.00507         0
     38/99     3.89G   0.02472  0.003185         0    0.0279        31       640    0.8121    0.8667    0.9143    0.6671   0.03524  0.005326         0
     39/99     3.89G   0.02506  0.003142         0    0.0282        20       640    0.9239    0.8167     0.921    0.6964   0.03584  0.004964         0
     40/99     3.89G   0.02464  0.002921         0   0.02756        31       640    0.9152    0.8997    0.9492     0.691   0.03367  0.004978         0
     41/99     3.89G   0.02358  0.003223         0    0.0268        24       640    0.8729    0.9167     0.946    0.7057   0.03433  0.005209         0
     42/99     3.89G   0.02218  0.003132         0   0.02531        21       640    0.8983    0.8829    0.9321    0.7058    0.0342  0.005064         0
     43/99     3.89G   0.02251  0.002762         0   0.02527        16       640    0.8768      0.95    0.9528    0.7301   0.03442  0.005137         0
     44/99     3.89G    0.0217  0.003082         0   0.02478        30       640    0.8902      0.95    0.9482    0.7402   0.03642  0.004857         0
     45/99     3.89G     0.023  0.003084         0   0.02609        23       640    0.8564       0.9    0.9231    0.7094   0.03331  0.005276         0
     46/99     3.89G   0.02316  0.002772         0   0.02593        16       640    0.9015    0.9167     0.955    0.7103   0.03325  0.005015         0
     47/99     3.89G   0.02312  0.002759         0   0.02587        26       640    0.8768      0.95    0.9638    0.7185   0.03412  0.004819         0
     48/99     3.89G   0.02358  0.002777         0   0.02635        23       640     0.932    0.9167    0.9653    0.7293   0.03471  0.005011         0
     49/99     3.89G   0.02283  0.002784         0   0.02561        30       640    0.9178    0.9333    0.9452    0.7404   0.03574  0.004912         0
     50/99     3.89G   0.02081  0.002729         0   0.02354        27       640    0.8982    0.8827    0.9245    0.6904    0.0367  0.005052         0
     51/99     3.89G   0.02275  0.002592         0   0.02534        19       640    0.8833    0.8832    0.9516    0.7253   0.03505  0.004933         0
     52/99     3.89G   0.02237  0.002847         0   0.02522        25       640    0.9464     0.883    0.9636    0.7043    0.0384  0.004861         0
