      0/99      1.7G   0.03232   0.02531         0   0.05763        17       704    0.2096    0.9167    0.2142    0.1568   0.03356   0.01079         0
      1/99     1.13G   0.02874   0.02333         0   0.05208         8       320     0.215    0.7667    0.2132    0.1524   0.03568  0.009172         0
      2/99    0.627G   0.02522    0.0139         0   0.03913        14       608    0.2184    0.7667    0.2137    0.1575   0.03481  0.008748         0
      3/99     2.63G   0.02632   0.01463         0   0.04095        22       608    0.2077    0.9667    0.2142    0.1576   0.03384  0.008506         0
      4/99     2.28G   0.02475   0.01254         0   0.03729        14       672    0.2057      0.95    0.2173    0.1627   0.03239  0.008304         0
      5/99     3.53G   0.02499   0.01331         0   0.03831        17       896    0.2099    0.9667    0.2233    0.1635   0.03234   0.00823         0
      6/99     3.53G   0.02517   0.01194         0   0.03711        18       672    0.2108    0.9667     0.254    0.1902   0.03127   0.00801         0
      7/99     3.53G   0.02468   0.01314         0   0.03782        18       352    0.2783       0.6    0.2822    0.1856   0.03396  0.007854         0
      8/99     3.53G   0.02497  0.009703         0   0.03467        12       928    0.2529       0.7    0.2923    0.2194   0.03131   0.00799         0
      9/99     3.53G   0.02461   0.01448         0   0.03909        15       352    0.3263    0.5667    0.3778    0.2744   0.03013  0.007792         0
     10/99     3.53G   0.02892   0.01972         0   0.04864        21       480    0.3544       0.7    0.3748     0.238   0.03446  0.007836         0
     11/99     3.53G   0.02819   0.01228         0   0.04047        20       704    0.3895       0.6    0.4196    0.3029   0.03397  0.007724         0
     12/99     3.53G   0.02783   0.01294         0   0.04077        15       448    0.3862      0.75    0.4506    0.3124   0.03343   0.00749         0
     13/99     3.53G   0.02754   0.01028         0   0.03782         8       704    0.4419    0.8314    0.5105    0.3595   0.03304  0.007203         0
     14/99     3.53G   0.02714   0.01355         0   0.04069        17       480    0.5425    0.7314    0.6556    0.4841   0.03267    0.0068         0
     15/99     3.53G   0.02597   0.01133         0    0.0373        18       352    0.6613    0.7167    0.6853    0.4969   0.03339  0.006409         0
     16/99     3.53G   0.02603  0.009259         0   0.03529        18       800    0.8409    0.7167    0.8067    0.5954   0.03185   0.00624         0
     17/99     3.53G   0.02815   0.01064         0   0.03878        23       576    0.7067    0.6828     0.712    0.5224    0.0336  0.006306         0
     18/99     3.53G   0.02695   0.01125         0    0.0382        14       864    0.6736       0.8    0.7768     0.572   0.03702   0.00575         0
     19/99     3.53G   0.02407  0.006916         0   0.03098        12       448    0.9228    0.8167     0.891    0.6553   0.03422  0.005253         0
     20/99     3.53G   0.02796    0.0107         0   0.03866        18       704    0.8627    0.7332    0.8516    0.5773    0.0359  0.005204         0
     21/99     3.53G   0.02785   0.00907         0   0.03692        16       416    0.8412    0.8828     0.918    0.6627   0.03477  0.004827         0
     22/99     3.53G   0.02492   0.01177         0   0.03669        22       416    0.8644    0.8496    0.8975    0.6476   0.03512  0.004601         0
     23/99     3.53G    0.0274  0.007722         0   0.03512        14       512    0.7654    0.8155    0.8447     0.554   0.03808  0.005162         0
     24/99     3.53G   0.02802  0.009446         0   0.03746        14       640    0.6349    0.6666    0.7479     0.528   0.03578   0.00661         0
     25/99     3.53G   0.02932  0.007789         0   0.03711        35       512    0.8194    0.8333     0.886    0.5932    0.0366   0.00525         0
     26/99     3.53G   0.02717  0.008161         0   0.03533        11       352    0.7011    0.8667    0.8508    0.5868   0.03816  0.005248         0
     27/99     3.53G   0.02449  0.006609         0   0.03109        15       544    0.8118    0.8667    0.8621    0.5592   0.03916   0.00512         0
