      0/39     2.12G   0.02552   0.03557         0   0.06109        18       512    0.2007      0.95    0.2029     0.153   0.01953  0.008269         0
      1/39     5.51G   0.02653   0.02443         0   0.05097        19      1408    0.2049      0.95    0.2116    0.1615   0.01941  0.007397         0
      2/39     2.19G   0.02527   0.01655         0   0.04181        16      1536    0.2079      0.95    0.2234    0.1715   0.01864   0.00731         0
      3/39     1.51G   0.02138   0.01167         0   0.03305        14      1248    0.2053    0.9833    0.2308    0.1807   0.01804  0.007451         0
      4/39     6.22G   0.02357   0.01567         0   0.03924        12       832    0.2063    0.9833    0.2433    0.1829   0.01829  0.007374         0
      5/39     7.48G   0.02258   0.01597         0   0.03855        37      1536    0.2046    0.9833    0.2473    0.1882   0.01779  0.007116         0
      6/39     7.48G   0.02132   0.01543         0   0.03675        15      1184    0.2159       0.9    0.2578    0.1943   0.01736  0.007121         0
      7/39     7.48G   0.02414   0.02077         0   0.04491        18       992    0.2312    0.8971    0.2761    0.2195   0.01751  0.006892         0
      8/39     7.48G   0.02168   0.01407         0   0.03575        20      1504    0.2543    0.7788    0.3034    0.2185   0.02014  0.006787         0
      9/39     7.48G   0.02422   0.01789         0   0.04211        22       544    0.3146       0.6    0.3379     0.261   0.01902  0.006797         0
     10/39     7.48G   0.02273   0.01322         0   0.03595        19      1152    0.4622    0.4167    0.4184    0.3173    0.0189  0.006676         0
     11/39     7.48G   0.02352   0.01631         0   0.03983        19       768     0.573      0.45    0.5042    0.3503   0.01969  0.006338         0
     12/39     7.48G   0.02273   0.01289         0   0.03563        10      1504    0.5597       0.7    0.6368    0.4726   0.01951  0.006304         0
     13/39     7.48G   0.02386   0.01214         0     0.036        11      1184    0.6097    0.7812    0.7326    0.5509   0.02059   0.00582         0
     14/39     7.48G   0.02256   0.01295         0   0.03551        25       928     0.872       0.8    0.8627    0.6473   0.02023  0.005236         0
     15/39     7.48G   0.02313  0.009582         0   0.03272        17       576    0.9423    0.8163     0.916    0.6639   0.02194  0.004668         0
     16/39     7.48G   0.02116  0.009101         0   0.03026        19       736    0.8253    0.8659      0.91    0.6698   0.02082  0.005099         0
     17/39     7.48G   0.02652   0.01506         0   0.04158        23       832    0.7763    0.9833    0.9206     0.694   0.01975  0.005192         0
     18/39     7.48G   0.02325  0.008469         0   0.03172        12      1152    0.8382    0.9499    0.9238    0.7219   0.02001  0.004668         0
     19/39     7.48G   0.02173  0.009831         0   0.03156        14      1024    0.9189      0.95     0.959     0.756   0.01991  0.004451         0
     20/39     7.48G   0.02358  0.007453         0   0.03103        24       672    0.9636    0.8831    0.9554    0.7745   0.01817  0.003779         0
     21/39     7.48G   0.02355  0.007882         0   0.03143        14       960    0.9152    0.8991    0.9438    0.7373   0.01979  0.004866         0
     22/39     7.48G   0.02157   0.01016         0   0.03172        30       704    0.9635    0.8833    0.9464    0.7459   0.01881  0.004125         0
     23/39     7.48G   0.02342  0.008503         0   0.03193        16       928    0.9606    0.8333    0.9452    0.7496   0.01771  0.004239         0
     24/39     7.48G     0.023  0.008532         0   0.03153        12      1024    0.9175    0.9333    0.9596    0.7762   0.01881  0.004115         0
     25/39     7.48G   0.02169  0.008888         0   0.03058        23       768    0.8787    0.9661    0.9636     0.773   0.01917  0.003733         0
     26/39     7.48G   0.02166  0.007631         0   0.02929        20       960    0.8919    0.9667    0.9574    0.7734   0.01806   0.00369         0
     27/39     7.48G   0.01816  0.006232         0   0.02439         7      1536    0.9811    0.9167     0.972    0.8121   0.01842  0.003922         0
     28/39     7.48G   0.01929  0.005609         0    0.0249        10      1376         1    0.9158     0.974    0.8221   0.01755  0.003861         0
     29/39     7.48G   0.01955  0.008385         0   0.02794        17       768    0.9321    0.9167    0.9662    0.7983   0.01767  0.003825         0
     30/39     7.48G   0.01993  0.006795         0   0.02672        23      1344         1    0.9499    0.9892    0.8134   0.01739  0.003725         0
     31/39     7.48G   0.02038  0.008308         0   0.02869        23      1088     0.948    0.9167    0.9647    0.8145   0.01734  0.003817         0
