       0/9     5.06G   0.09606   0.01502         0    0.1111        28       640         0         0         0         0         0         0         0
       1/9     5.06G   0.07765   0.00737         0   0.08502        22       640         0         0         0         0         0         0         0
       2/9     5.06G   0.06282  0.006248         0   0.06907        24       640         0         0         0         0         0         0         0
       3/9     5.06G   0.05523  0.005698         0   0.06092        30       640         0         0         0         0         0         0         0
       4/9     5.06G   0.05021     0.006         0   0.05621        27       640         0         0         0         0         0         0         0
       5/9     5.06G    0.0422  0.005857         0   0.04806        35       640         0         0         0         0         0         0         0
       6/9     5.06G   0.03791  0.005831         0   0.04374        30       640         0         0         0         0         0         0         0
       7/9     5.06G     0.039   0.00572         0   0.04472        35       640         0         0         0         0         0         0         0
       8/9     5.06G   0.03665  0.005655         0   0.04231        26       640         0         0         0         0         0         0         0
       9/9     5.06G    0.0368  0.005579         0   0.04238        28       640    0.2219       0.7    0.2204    0.1646   0.06606    0.0142         0
