      0/99     5.44G   0.02343   0.01505         0   0.03849        28       640    0.2117    0.8833    0.2139    0.1574   0.03374   0.01069         0
      1/99     5.13G   0.02299  0.008224         0   0.03122        22       640    0.2163    0.8667    0.2147    0.1537   0.03332   0.00923         0
      2/99     6.01G   0.02196  0.006684         0   0.02865        24       640     0.207    0.8667    0.2052    0.1459   0.03259  0.008718         0
      3/99     6.01G    0.0216  0.005995         0    0.0276        30       640    0.2035      0.95    0.2019     0.143   0.03132  0.008566         0
      4/99     6.01G   0.02127  0.006315         0   0.02758        27       640    0.2082    0.8667    0.2099    0.1547   0.02974  0.008518         0
      5/99     6.01G   0.02117  0.005892         0   0.02707        35       640    0.2041    0.9833    0.2415    0.1796   0.02974  0.008392         0
      6/99     6.01G   0.01917   0.00581         0   0.02498        30       640    0.2051    0.9333     0.256     0.187   0.02979  0.008308         0
      7/99     6.01G   0.01999  0.005715         0   0.02571        35       640    0.2261       0.8    0.2611    0.1979   0.02855  0.008244         0
      8/99     6.01G   0.02003  0.005483         0   0.02551        26       640    0.2468      0.65    0.2699    0.2067   0.02973  0.008007         0
      9/99     6.01G   0.02092  0.005332         0   0.02625        28       640    0.2587    0.7618    0.3078    0.2372   0.02905  0.007839         0
     10/99     6.01G   0.02074  0.005318         0   0.02606        26       640    0.2838       0.8    0.3446    0.2649   0.02993  0.007823         0
     11/99     6.01G   0.01916  0.005252         0   0.02441        34       640    0.2786    0.6833    0.3531    0.2794   0.02944  0.007756         0
     12/99     6.01G   0.01931  0.005704         0   0.02502        21       640     0.294      0.75    0.3513    0.2773   0.02905  0.007702         0
     13/99     6.01G   0.01909  0.005468         0   0.02456        36       640    0.4564    0.5333    0.4295    0.3324   0.02944  0.007437         0
     14/99     6.01G   0.01866  0.005283         0   0.02395        35       640    0.6027    0.4333    0.4778    0.3918   0.02986  0.007297         0
     15/99     6.01G   0.02014  0.005038         0   0.02518        30       640     0.607    0.5664    0.5564    0.4596   0.02941  0.007116         0
     16/99     6.01G   0.01974  0.004937         0   0.02468        28       640     0.622    0.6667    0.6235      0.48   0.03719  0.006789         0
     17/99     6.01G   0.01958  0.004326         0   0.02391        22       640    0.7778    0.5833     0.705    0.5526   0.03241  0.006759         0
     18/99     6.01G   0.02037  0.004411         0   0.02478        26       640    0.8064    0.7667    0.7907    0.6304   0.03287  0.006336         0
     19/99     6.01G   0.02151  0.004222         0   0.02573        26       640    0.8378    0.7833    0.8469    0.6748   0.03117  0.006163         0
     20/99     6.01G   0.02158  0.003749         0   0.02533        25       640    0.8458    0.8333    0.8597    0.6804   0.03012  0.005922         0
     21/99     6.01G   0.02039  0.003619         0   0.02401        21       640    0.8544    0.7833     0.857     0.652   0.03261  0.005593         0
     22/99     6.01G    0.0197  0.003086         0   0.02278        26       640    0.8909    0.8163    0.8906    0.7164   0.03024  0.005133         0
     23/99     6.01G   0.02132  0.003039         0   0.02436        19       640    0.8081    0.9127    0.9218    0.7402   0.03199  0.005348         0
     24/99     6.01G   0.02151   0.00279         0    0.0243        29       640    0.8662    0.7833    0.8874    0.6814   0.03341  0.005723         0
     25/99     6.01G   0.02016  0.002724         0   0.02288        19       640    0.8709    0.8995    0.9332    0.7631   0.03056  0.004961         0
     26/99     6.01G   0.02195  0.003093         0   0.02504        32       640    0.9032    0.9333    0.9595    0.7815   0.03035   0.00501         0
     27/99     6.01G   0.02044  0.002608         0   0.02305        25       640    0.9138    0.8831    0.9461    0.7786   0.03209  0.004831         0
     28/99     6.01G   0.02008  0.002713         0   0.02279        22       640    0.9166    0.9164    0.9449    0.7653   0.03476  0.004809         0
     29/99     6.01G   0.02114  0.002724         0   0.02386        33       640    0.9016    0.9166    0.9588    0.7739   0.03404  0.004668         0
     30/99     6.01G   0.02189  0.002464         0   0.02435        30       640    0.9804    0.8318    0.9561     0.756   0.03281  0.004697         0
     31/99     6.01G   0.02076  0.002629         0   0.02339        20       640    0.8651    0.8667    0.9417    0.7413    0.0339   0.00506         0
     32/99     6.01G   0.01946  0.002447         0   0.02191        27       640     0.961    0.8333    0.9602    0.7603   0.03311  0.004834         0
     33/99     6.01G   0.02038  0.002491         0   0.02287        34       640     0.918    0.9333    0.9585    0.7653   0.03382   0.00453         0
     34/99     6.02G   0.02195  0.002306         0   0.02426        20       640    0.9815    0.8832    0.9665    0.7914     0.032  0.004496         0
     35/99     6.02G   0.02308   0.00247         0   0.02555        21       640    0.9473       0.9     0.958    0.7854   0.03254  0.004513         0
     36/99     6.02G   0.02072  0.002456         0   0.02318        30       640    0.9641       0.9    0.9605    0.7723    0.0293  0.004374         0
     37/99     6.02G   0.02346  0.002523         0   0.02598        31       640    0.9454    0.8667    0.9393    0.7276   0.03201  0.004917         0
     38/99     6.02G   0.02245  0.002491         0   0.02495        31       640    0.9629    0.8667    0.9488    0.7681   0.03235  0.004503         0
     39/99     6.02G   0.02274   0.00251         0   0.02526        20       640    0.9135    0.8833    0.9612    0.7631   0.03159   0.00441         0
     40/99     6.02G    0.0217  0.002299         0     0.024        31       640    0.8651    0.9667    0.9651    0.7451   0.03233  0.004661         0
     41/99     6.02G   0.02155  0.002415         0   0.02396        24       640    0.9643    0.8998    0.9698    0.7735   0.03241  0.004624         0
