      0/49    0.487G   0.02743   0.04021         0   0.06764        25       512    0.1902    0.8667    0.2071    0.1633   0.02268  0.006857         0
      1/49     5.92G   0.02787   0.02586         0   0.05373        29      1408    0.2031    0.8493    0.2069    0.1627   0.02325  0.005645         0
      2/49     2.11G   0.02491   0.01974         0   0.04465        30      1536    0.1968     0.833    0.2047    0.1628   0.02304  0.005441         0
      3/49     1.27G   0.02531   0.01413         0   0.03945        26      1248    0.2011       0.8    0.2146    0.1694   0.02419  0.005213         0
      4/49     6.86G   0.02512   0.02009         0   0.04521        21       832    0.1947    0.8833    0.2119    0.1687    0.0255  0.005168         0
      5/49     12.4G   0.02392   0.01573         0   0.03965        36      1536     0.199    0.7658    0.2146     0.173   0.02619  0.005163         0
      6/49     7.18G   0.02258   0.01534         0   0.03793        20      1184    0.2071    0.8796    0.2432    0.1932   0.02461  0.005039         0
      7/49     12.7G   0.02597   0.02283         0    0.0488        37       992    0.2826    0.4662    0.2754    0.2139   0.02638  0.004874         0
      8/49     12.7G   0.02601   0.01627         0   0.04228        36      1504    0.3318    0.3477     0.291    0.2397   0.02636  0.004936         0
      9/49     12.7G   0.02549   0.02121         0    0.0467        40       544    0.2335       0.6    0.2685    0.2157   0.02651  0.004744         0
     10/49     6.84G   0.02577    0.0161         0   0.04187        31      1152    0.4623    0.4156    0.3867    0.2893   0.02716   0.00467         0
     11/49     12.4G    0.0248   0.01984         0   0.04464        37       768    0.4698       0.4    0.4208    0.3148   0.02884  0.004669         0
     12/49     12.4G   0.02765   0.01802         0   0.04566        20      1504    0.6195    0.3833    0.4379    0.3546   0.02659  0.004481         0
     13/49     12.4G   0.02533   0.01468         0   0.04002        20      1184    0.4089    0.4667    0.3979    0.2985   0.02597  0.004359         0
     14/49     12.4G   0.02386   0.01614         0      0.04        26       928    0.7306       0.5    0.5917    0.4723   0.02598  0.004053         0
     15/49     12.4G   0.02607   0.01442         0   0.04048        30       576    0.5555    0.6667    0.6723    0.5357   0.02969  0.003865         0
     16/49     12.4G   0.02758   0.01351         0    0.0411        18       736    0.6947    0.6826    0.7584    0.6068   0.02935  0.003634         0
     17/49     12.4G   0.02676   0.01562         0   0.04238        37       832    0.8772    0.7167    0.8358    0.6357   0.03002  0.003463         0
     18/49     12.4G   0.02569     0.011         0   0.03669        10      1152    0.9015    0.7625    0.8751    0.6507   0.03214  0.003607         0
     19/49     12.4G   0.02477   0.01278         0   0.03755        23      1024      0.91      0.85    0.9257    0.6989   0.03268  0.003141         0
     20/49     12.4G   0.02374  0.009884         0   0.03363        34       672    0.9283    0.8667    0.9133     0.677    0.0342  0.003036         0
     21/49     12.4G   0.02343  0.008468         0    0.0319        24       960    0.9796       0.8    0.9177    0.6664   0.03919  0.002937         0
     22/49     12.4G   0.02613   0.01408         0   0.04021        48       704    0.9273      0.85    0.9161    0.6755   0.04181  0.002943         0
     23/49     12.4G   0.02406  0.009645         0    0.0337        29       928    0.8792    0.8495    0.9098    0.6627    0.0405  0.003273         0
     24/49     12.4G   0.02652  0.009541         0   0.03607        15      1024    0.9541       0.7     0.899      0.67   0.03918   0.00305         0
     25/49     12.4G   0.02632   0.01224         0   0.03856        36       768    0.9056    0.7996    0.9276    0.6905     0.032  0.002906         0
     26/49     12.4G   0.02518  0.009906         0   0.03508        30       960    0.9642    0.9167    0.9709     0.728   0.03367  0.002618         0
     27/49     12.4G   0.02411  0.007944         0   0.03206        27      1536    0.9257    0.8333    0.9324    0.6877   0.03193  0.002899         0
     28/49     12.4G   0.02447  0.007662         0   0.03213        20      1376      0.95      0.95    0.9796    0.7328   0.03184  0.002687         0
     29/49     12.4G   0.02496   0.01204         0   0.03701        17       768    0.9661      0.95    0.9858    0.7258   0.02744  0.002668         0
     30/49     12.4G   0.02304  0.008693         0   0.03173        38      1344    0.9825    0.9333     0.973    0.7365   0.02395  0.002568         0
     31/49     12.4G    0.0244   0.01088         0   0.03527        34      1088    0.9821    0.9159    0.9713    0.7346   0.02697  0.002665         0
     32/49     12.4G   0.02211  0.007677         0   0.02978        22      1088    0.9648    0.9167    0.9655    0.7382   0.02928  0.002686         0
     33/49     12.4G   0.02484  0.009395         0   0.03424        16       512    0.9359    0.9833     0.982    0.7331   0.02727  0.002771         0
     34/49     12.4G   0.02309  0.007324         0   0.03041        25      1536    0.9352    0.9667    0.9846    0.7191   0.02477  0.002629         0
     35/49     12.4G   0.01895  0.008565         0   0.02752        17      1504    0.9667    0.9833    0.9903    0.7864   0.02344  0.002491         0
     36/49     12.4G   0.02671   0.01158         0    0.0383        31       800     0.983    0.9663    0.9928    0.7855   0.02391  0.002488         0
     37/49     12.4G   0.02282  0.008834         0   0.03166        30      1408    0.9821    0.9167    0.9856    0.7923   0.02497  0.002502         0
     38/49     12.4G   0.02214  0.009186         0   0.03133        19       640         1    0.9162    0.9844    0.7703   0.02724  0.002623         0
     39/49     12.4G   0.02179  0.005892         0   0.02769        32      1184     0.934    0.9667    0.9868    0.7704   0.02653  0.002539         0
     40/49     12.4G   0.02181  0.007853         0   0.02966        33      1024    0.9508    0.9666    0.9892    0.8028   0.02515  0.002503         0
     41/49     12.4G   0.02276  0.008011         0   0.03077        22       960    0.9666    0.9667    0.9894    0.8092    0.0244  0.002531         0
     42/49     12.4G   0.02242  0.008701         0   0.03112        22       736    0.9672    0.9832     0.991     0.804    0.0225  0.002537         0
     43/49     12.4G   0.02108  0.007234         0   0.02832        28       928    0.9672     0.983    0.9917    0.8094   0.02216  0.002496         0
     44/49     12.4G   0.02241  0.008362         0   0.03077        28       896    0.9833    0.9831    0.9929    0.8003   0.02253  0.002438         0
     45/49     12.4G   0.02209   0.01114         0   0.03323        22       512     0.983         1    0.9934    0.8172   0.02234  0.002377         0
     46/49     12.4G   0.02217   0.01128         0   0.03345        36      1408    0.9677    0.9995    0.9935    0.8216   0.02265  0.002385         0
     47/49     12.4G   0.02167  0.006789         0   0.02846        16      1376    0.9831    0.9833    0.9937    0.8176   0.02265  0.002385         0
     48/49     12.4G   0.02073   0.01132         0   0.03205        31      1472    0.9836    0.9996    0.9937     0.815   0.02249  0.002397         0
     49/49     12.4G   0.01933   0.01041         0   0.02975        39      1024    0.9833    0.9832    0.9937    0.8148   0.02241   0.00239         0
