      0/99     2.85G   0.02378   0.01522         0     0.039        28       640    0.2082    0.8833     0.209    0.1542   0.03397   0.01078         0
      1/99     4.09G   0.02362  0.008497         0   0.03212        22       640    0.2107      0.85    0.2095    0.1496   0.03355  0.009417         0
      2/99     4.09G   0.02318  0.006891         0   0.03007        24       640    0.2083    0.7981    0.2089    0.1467   0.03288  0.008958         0
      3/99     4.09G   0.02298  0.006181         0   0.02916        30       640    0.2145    0.7667      0.22     0.158   0.03223  0.008765         0
      4/99     4.09G   0.02256  0.006476         0   0.02903        27       640     0.221    0.7833    0.2267    0.1629   0.03136  0.008625         0
      5/99     4.09G   0.02268  0.006083         0   0.02876        35       640    0.2177    0.8833    0.2336     0.165   0.03165  0.008514         0
      6/99     4.09G    0.0201  0.005996         0    0.0261        30       640    0.2178    0.8833      0.24    0.1709   0.03171   0.00847         0
      7/99     4.09G   0.02129  0.005826         0   0.02712        35       640    0.2166       0.9    0.2401    0.1763    0.0306  0.008365         0
      8/99     4.09G   0.02177  0.005625         0   0.02739        26       640    0.2365    0.7333    0.2488    0.1769   0.03085  0.008165         0
      9/99     4.09G   0.02196  0.005466         0   0.02743        28       640    0.2578    0.7833    0.2808    0.2013   0.03045  0.008078         0
     10/99     4.09G   0.02178  0.005532         0   0.02731        26       640    0.2617    0.7167    0.2881    0.2064   0.03145  0.008036         0
     11/99     4.09G    0.0214  0.005431         0   0.02684        34       640    0.2439    0.8667    0.3087    0.2181   0.03014  0.008009         0
     12/99     4.09G   0.02274  0.005899         0   0.02863        21       640    0.2812    0.7333    0.3478    0.2628   0.02987  0.007905         0
     13/99     4.09G   0.02088  0.005723         0    0.0266        36       640    0.2913       0.7    0.3844    0.2696   0.03178  0.007661         0
     14/99     4.09G   0.02075  0.005548         0    0.0263        35       640    0.3969       0.5    0.4317    0.3159   0.03237  0.007519         0
     15/99     4.09G   0.02143  0.005364         0    0.0268        30       640    0.4175    0.6833     0.514    0.3861    0.0315  0.007451         0
     16/99     4.09G   0.02082  0.005257         0   0.02607        28       640    0.5199    0.6333    0.5508    0.4168   0.03253  0.007291         0
