      0/49     0.56G   0.02533   0.03637         0    0.0617        21       512    0.2159    0.9499    0.2693    0.2289   0.01445  0.006616         0
      1/49     6.56G   0.02648    0.0259         0   0.05238        30      1408    0.2253    0.9167    0.2718    0.2306    0.0146  0.005751         0
      2/49     2.63G   0.02309   0.01666         0   0.03975        30      1536    0.2229    0.9658    0.2774    0.2285   0.01449  0.005598         0
      3/49     1.39G   0.02261   0.01303         0   0.03564        21      1248    0.3145    0.5167    0.3497    0.2932   0.01435  0.005674         0
      4/49      6.8G   0.02337   0.01537         0   0.03873        15       832    0.3355    0.6167    0.3813    0.3271   0.01396  0.005754         0
      5/49     12.4G    0.0245   0.01453         0   0.03903        42      1536    0.3112    0.6667    0.3668    0.3242   0.01436   0.00554         0
      6/49     7.72G   0.02273   0.01589         0   0.03862        24      1184    0.3324    0.5667    0.3888    0.3235   0.01662  0.005295         0
      7/49     13.3G   0.02654   0.02107         0   0.04761        41       992    0.3213    0.6667    0.3685      0.31   0.01613  0.005299         0
      8/49     13.3G   0.02503   0.01475         0   0.03978        30      1504    0.3239    0.6947    0.3789    0.3132   0.01533  0.005128         0
      9/49     13.3G   0.02358   0.01834         0   0.04192        37       544    0.3414    0.5667    0.3819    0.3259   0.01515  0.005138         0
     10/49     7.54G   0.02253   0.01386         0   0.03639        25      1152    0.4652       0.6    0.5151    0.4376   0.01575  0.004956         0
     11/49     13.1G   0.02349    0.0167         0   0.04019        31       768    0.6499    0.6833     0.669    0.5593   0.01598  0.004538         0
     12/49     13.1G   0.02274   0.01269         0   0.03543        27      1504     0.845    0.8333    0.8773    0.7572   0.01475  0.004055         0
     13/49     13.1G   0.02326   0.01061         0   0.03386        18      1184    0.8809    0.8667    0.9086    0.7782    0.0144  0.003554         0
     14/49     13.1G   0.02422   0.01022         0   0.03445        25       928    0.8852    0.8999    0.9458    0.6675   0.01871  0.003345         0
     15/49     13.1G   0.02549  0.008646         0   0.03414        30       576    0.8481    0.9308    0.9392    0.7796   0.01808  0.003575         0
     16/49     13.1G   0.02514  0.009181         0   0.03432        21       736    0.8993       0.9    0.9569    0.7948   0.01564  0.003174         0
     17/49     13.1G   0.02328   0.01365         0   0.03693        38       832    0.9997      0.85    0.9611     0.789   0.01614  0.003112         0
     18/49     13.1G   0.02083  0.007748         0   0.02858        17      1152    0.8869    0.9153    0.9378    0.7897   0.01639  0.003511         0
     19/49     13.1G   0.02376   0.01005         0   0.03382        19      1024    0.9344      0.95    0.9798    0.7996   0.01607  0.002806         0
     20/49     13.1G   0.02447  0.007898         0   0.03237        31       672         1    0.9333    0.9749    0.8265   0.01438  0.002742         0
     21/49     13.1G   0.02428  0.007808         0   0.03208        26       960    0.9649    0.9167    0.9748     0.727   0.01827  0.002922         0
     22/49     13.1G   0.02451   0.01153         0   0.03603        41       704    0.9327    0.9333    0.9654    0.7587    0.0189  0.002935         0
     23/49     13.1G   0.02455  0.007862         0   0.03241        30       928    0.9825      0.95    0.9784    0.7598   0.02004  0.002961         0
     24/49     13.1G   0.02193  0.006847         0   0.02878        24      1024    0.9655    0.9332    0.9727    0.7903   0.01822  0.002933         0
     25/49     13.1G   0.02367  0.008209         0   0.03188        35       768    0.9824      0.95    0.9774    0.8079   0.01625  0.002843         0
     26/49     13.1G   0.02344  0.008218         0   0.03166        30       960    0.9818    0.8999    0.9733    0.8262   0.01521  0.002853         0
     27/49     13.1G   0.01894  0.005457         0    0.0244        23      1536    0.9491    0.9332    0.9768    0.8322   0.01596  0.002854         0
     28/49     13.1G   0.02239  0.006894         0   0.02928        25      1376    0.9821    0.9165    0.9808    0.8203   0.01959    0.0027         0
     29/49     13.1G   0.02277   0.00936         0   0.03213        27       768    0.9204    0.9667    0.9824    0.7873   0.01817   0.00267         0
     30/49     13.1G   0.02206  0.006945         0   0.02901        44      1344    0.9646    0.9333     0.982    0.8265   0.01584  0.003068         0
     31/49     13.1G   0.02212  0.007827         0   0.02995        36      1088    0.9507    0.9667    0.9843    0.8245   0.01587  0.002723         0
     32/49     13.1G    0.0203  0.005325         0   0.02563        25      1088         1    0.9166    0.9854     0.841   0.02254  0.002743         0
     33/49     13.1G   0.02238  0.007858         0   0.03024        19       512    0.9822    0.9333    0.9817    0.8424   0.01866  0.002811         0
     34/49     13.1G    0.0214  0.005473         0   0.02688        28      1536     0.983    0.9667    0.9887    0.8525   0.01788  0.002579         0
     35/49     13.1G   0.01914  0.006054         0    0.0252        19      1504    0.9829    0.9667    0.9882    0.8548   0.01777  0.002742         0
     36/49     13.1G   0.02414  0.008011         0   0.03215        25       800     0.983    0.9667     0.991    0.8658   0.01628    0.0028         0
     37/49     13.1G   0.02007  0.006044         0   0.02611        31      1408     0.983    0.9667    0.9931    0.8633   0.01383  0.002612         0
     38/49     13.1G   0.02088   0.00736         0   0.02824        17       640    0.9811    0.9833    0.9932    0.8629   0.01422  0.002544         0
     39/49     13.1G   0.01719   0.00409         0   0.02128        40      1184     0.983    0.9664    0.9921    0.8644   0.01692  0.002565         0
     40/49     13.1G    0.0217  0.005227         0   0.02693        32      1024    0.9833    0.9828    0.9924    0.8666    0.0161  0.002651         0
     41/49     13.1G   0.01891  0.006377         0   0.02529        24       960    0.9833    0.9833    0.9923    0.8707   0.01332   0.00267         0
     42/49     13.1G   0.01849  0.006488         0   0.02498        24       736    0.9672    0.9833     0.987    0.8828   0.01248  0.002677         0
     43/49     13.1G   0.02211  0.005094         0    0.0272        29       928    0.9672    0.9829    0.9863     0.885   0.01238  0.002657         0
     44/49     13.1G   0.02013  0.006532         0   0.02666        25       896    0.9833    0.9833     0.988    0.8759   0.01375  0.002607         0
     45/49     13.1G   0.02276   0.01011         0   0.03287        25       512    0.9672    0.9829     0.989    0.8723   0.01422  0.002611         0
     46/49     13.1G    0.0196   0.00852         0   0.02812        33      1408    0.9671    0.9833    0.9898    0.8805   0.01461  0.002585         0
     47/49     13.1G   0.01884  0.005119         0   0.02396        16      1376    0.9833    0.9832    0.9897    0.8779   0.01466  0.002575         0
     48/49     13.1G    0.0212  0.008843         0   0.03005        34      1472    0.9833    0.9833    0.9899    0.8891   0.01424   0.00257         0
     49/49     13.1G   0.01883  0.007793         0   0.02662        35      1024    0.9833    0.9833    0.9901    0.8856   0.01402  0.002553         0
