      0/49    0.445G   0.02551   0.03556         0   0.06108        18       512    0.2022    0.9167    0.2032    0.1545   0.01953  0.008274         0
      1/49     5.74G     0.027   0.02443         0   0.05143        19      1408    0.2037      0.95    0.2114     0.164   0.01957  0.007415         0
      2/49     2.19G   0.02514   0.01655         0   0.04169        16      1536    0.2093    0.9484    0.2194    0.1712   0.01881  0.007311         0
      3/49     1.04G   0.02141   0.01162         0   0.03303        14      1248    0.2087    0.9497    0.2366    0.1867   0.01832  0.007604         0
      4/49     6.24G    0.0241   0.01568         0   0.03978        12       832    0.2461    0.6167    0.2532    0.1885   0.01884  0.007472         0
      5/49     9.31G   0.02229   0.01601         0    0.0383        37      1536    0.2106    0.9667    0.2442    0.1844   0.01846  0.007267         0
      6/49     6.78G   0.02181    0.0155         0   0.03731        15      1184     0.213      0.95    0.2389    0.1844   0.01902  0.007061         0
      7/49     9.81G   0.02386   0.02086         0   0.04472        18       992    0.2075    0.9833    0.2526    0.1989   0.01759  0.006979         0
      8/49     9.81G   0.02157   0.01422         0   0.03579        20      1504    0.2855    0.6167    0.2969    0.2352   0.01856  0.006657         0
      9/49     9.81G   0.02287   0.01803         0   0.04089        22       544     0.313    0.7167    0.3499    0.2759   0.01763   0.00672         0
     10/49     6.86G    0.0226   0.01338         0   0.03597        19      1152    0.4066    0.4797    0.4321    0.3395   0.01777  0.006508         0
     11/49     9.89G   0.02236   0.01638         0   0.03874        19       768    0.3893    0.6161    0.4407    0.3286   0.01947  0.006406         0
     12/49     9.93G   0.02303   0.01292         0   0.03594        10      1504    0.4043    0.7833    0.4936    0.3682   0.02035   0.00666         0
     13/49     9.93G   0.02344   0.01217         0   0.03561        11      1184    0.6646    0.7667    0.7253    0.5339   0.01888  0.006112         0
     14/49     9.93G   0.02305   0.01283         0   0.03588        25       928    0.8032    0.8164    0.8411    0.6004   0.02052  0.005329         0
     15/49     9.93G   0.02288  0.009391         0   0.03227        17       576    0.8302       0.9    0.9029    0.6493   0.01993  0.004986         0
     16/49     9.93G   0.02234  0.008632         0   0.03097        19       736    0.8461    0.9165    0.9338    0.6962   0.02159   0.00463         0
     17/49     9.93G   0.02701   0.01458         0   0.04158        23       832    0.8964    0.8653    0.9184    0.7146   0.02104  0.005468         0
     18/49     9.93G   0.02424    0.0085         0   0.03273        12      1152    0.8492      0.95    0.9363    0.7404   0.01906  0.004902         0
     19/49     9.93G   0.02333    0.0098         0   0.03313        14      1024    0.9459    0.8833    0.9659    0.7236   0.02149  0.004536         0
     20/49     9.93G   0.02408  0.007357         0   0.03144        24       672    0.8906      0.95    0.9568    0.7603   0.02038  0.004107         0
     21/49     9.93G   0.02372  0.007619         0   0.03134        14       960    0.8785    0.9667     0.961    0.7499   0.01996  0.003973         0
     22/49     9.93G   0.02513   0.01032         0   0.03545        30       704    0.9055       0.8    0.9124    0.6779   0.02253  0.004058         0
     23/49     9.93G   0.02501  0.009008         0   0.03402        16       928    0.9307    0.9167    0.9371    0.7148   0.02169  0.003859         0
     24/49     9.93G   0.02479   0.00877         0   0.03356        12      1024    0.9454    0.8665    0.9642    0.7799   0.01981  0.003873         0
     25/49     9.93G   0.02354  0.009208         0   0.03275        23       768    0.9138    0.8831     0.952    0.7037   0.02204  0.004031         0
     26/49     9.93G   0.02363  0.007662         0   0.03129        20       960    0.8654    0.9667    0.9702    0.7613   0.02047  0.003904         0
     27/49     9.93G    0.0223  0.006345         0   0.02865         7      1536    0.8805    0.9826    0.9753    0.7466   0.02193  0.003865         0
     28/49     9.93G   0.02222  0.005634         0   0.02786        10      1376         1    0.9166    0.9766    0.7589   0.02327  0.003973         0
     29/49     9.93G   0.02358  0.008684         0   0.03226        17       768    0.9818       0.9    0.9731    0.7799   0.02081  0.003844         0
     30/49     9.93G   0.02145  0.006612         0   0.02806        23      1344    0.9825    0.9332     0.982    0.7556   0.02027  0.004012         0
     31/49     9.93G   0.02367  0.008204         0   0.03188        23      1088    0.9821    0.9166    0.9835    0.7471    0.0206  0.004008         0
     32/49     9.93G   0.02119  0.006007         0    0.0272        15      1088    0.9508    0.9667    0.9851    0.7678   0.01996  0.003985         0
     33/49     9.93G   0.02065  0.009229         0   0.02988        12       512    0.9672    0.9833     0.987    0.7849    0.0192  0.003736         0
     34/49     9.94G   0.02141  0.005302         0   0.02671        15      1536     0.983    0.9667     0.987    0.7935   0.01981  0.003666         0
     35/49     9.94G   0.02002  0.006295         0   0.02631        14      1504    0.9499      0.95    0.9845    0.7637   0.02044  0.003979         0
     36/49     9.94G   0.02327   0.00874         0   0.03201        21       800    0.9076    0.9833    0.9805    0.7716   0.01921  0.004165         0
     37/49     9.94G   0.02195   0.00672         0   0.02867        20      1408    0.9833    0.9827    0.9934     0.784    0.0182  0.003782         0
     38/49     9.94G   0.02194  0.007534         0   0.02947         9       640    0.9372         1    0.9921    0.7975   0.01784  0.003682         0
     39/49     9.94G   0.01981  0.004664         0   0.02447        25      1184    0.9835         1    0.9945    0.8234   0.01744  0.003576         0
     40/49     9.94G   0.02166  0.006015         0   0.02767        16      1024    0.9077     0.983    0.9788    0.7972   0.01833   0.00401         0
     41/49     9.94G   0.01997  0.006027         0     0.026        21       960     0.918    0.9333    0.9674    0.7766   0.01842  0.003771         0
     42/49     9.94G   0.02171   0.00786         0   0.02957        19       736    0.9206    0.9667    0.9763    0.7935   0.01876  0.003566         0
     43/49     9.94G    0.0191  0.005165         0   0.02427        27       928    0.9061    0.9667    0.9736    0.7959   0.01863  0.003586         0
     44/49     9.94G   0.01845  0.006903         0   0.02535        12       896    0.9667    0.9666    0.9836    0.8219    0.0183   0.00348         0
     45/49     9.94G   0.02018  0.008921         0    0.0291        15       512    0.9829    0.9667    0.9847    0.8182   0.01842  0.003472         0
     46/49     9.94G   0.01911  0.008355         0   0.02747        24      1408     0.983    0.9667    0.9847    0.8119   0.01847  0.003498         0
     47/49     9.94G   0.01981   0.00599         0    0.0258        16      1376     0.983    0.9666    0.9842    0.8251   0.01834    0.0035         0
     48/49     9.94G   0.02072  0.008313         0   0.02903        17      1472     0.983    0.9667    0.9849    0.8141   0.01812  0.003495         0
     49/49     9.94G    0.0195  0.009166         0   0.02867        20      1024    0.9829    0.9667    0.9852    0.8152   0.01798  0.003518         0
