      0/99     5.44G   0.02343   0.01505         0   0.03849        28       640    0.2088    0.9327    0.2137    0.1577   0.03375   0.01069         0
      1/99     5.13G   0.02299  0.008221         0   0.03121        22       640    0.2156    0.8667    0.2139    0.1535   0.03334  0.009232         0
      2/99     6.01G   0.02192   0.00668         0    0.0286        24       640    0.2066    0.8667    0.2052    0.1465   0.03261  0.008725         0
      3/99     6.01G   0.02164  0.006012         0   0.02765        30       640    0.2007    0.9167    0.2129    0.1522   0.03145  0.008574         0
      4/99     6.01G   0.02112  0.006322         0   0.02744        27       640     0.203    0.8833    0.2125    0.1547   0.03049  0.008514         0
      5/99     6.01G   0.02131  0.005905         0   0.02722        35       640    0.2056    0.9833    0.2377    0.1753   0.02988  0.008407         0
      6/99     6.01G   0.01919  0.005808         0     0.025        30       640    0.2078      0.95    0.2401    0.1748   0.03015  0.008322         0
      7/99     6.01G   0.02014  0.005709         0   0.02585        35       640    0.2129    0.9667    0.2692    0.2054   0.02903   0.00823         0
      8/99     6.01G    0.0206  0.005446         0   0.02605        26       640    0.2506    0.7167     0.289    0.2235   0.03011  0.008025         0
      9/99     6.01G   0.02084  0.005328         0   0.02617        28       640    0.3151    0.5167    0.3232    0.2361   0.02933  0.008073         0
     10/99     6.01G   0.02085  0.005314         0   0.02616        26       640    0.2507    0.8833    0.3728    0.2773   0.02936     0.008         0
     11/99     6.01G   0.01987  0.005247         0   0.02511        34       640    0.2649    0.6833    0.3672    0.2977   0.02867  0.007875         0
     12/99     6.01G   0.01989   0.00572         0   0.02561        21       640    0.2744    0.8131    0.3785    0.2958   0.02937  0.007793         0
     13/99     6.01G   0.01937  0.005459         0   0.02482        36       640    0.4994    0.4667    0.4589    0.3484   0.02859  0.007599         0
     14/99     6.01G   0.01916  0.005266         0   0.02442        35       640    0.5963    0.5661    0.5512    0.4235   0.03007  0.007371         0
     15/99     6.01G    0.0203  0.005016         0   0.02532        30       640    0.6053      0.55    0.5808    0.4637   0.02899  0.007227         0
     16/99     6.01G    0.0204  0.004889         0   0.02529        28       640    0.5791    0.6421    0.6645    0.5242   0.02924  0.006954         0
     17/99     6.01G   0.01946  0.004323         0   0.02378        22       640    0.7031    0.7499    0.7612    0.5905   0.02936  0.006727         0
     18/99     6.01G   0.02025  0.004343         0    0.0246        26       640    0.8932       0.7    0.8122    0.6414   0.02977  0.006362         0
     19/99     6.01G   0.02147  0.004156         0   0.02562        26       640    0.8357      0.85    0.8624    0.6979   0.02914  0.006034         0
     20/99     6.01G   0.02105   0.00376         0   0.02481        25       640    0.8799    0.7324    0.8468    0.6676   0.02929  0.005987         0
     21/99     6.01G   0.01986  0.003583         0   0.02344        21       640    0.7551    0.9333     0.892    0.7254   0.02893  0.005272         0
     22/99     6.01G   0.01986  0.003019         0   0.02288        26       640    0.8028    0.8821    0.9065    0.7316    0.0288  0.005055         0
     23/99     6.01G   0.02176  0.003057         0   0.02481        19       640    0.8844       0.9    0.9393    0.7555   0.03109  0.004969         0
     24/99     6.01G   0.02317  0.002705         0   0.02588        29       640    0.8571    0.8998    0.9284    0.7639   0.03565  0.005239         0
     25/99     6.01G   0.01897  0.002679         0   0.02165        19       640    0.8889    0.9331    0.9573    0.7501   0.03055  0.004771         0
     26/99     6.01G   0.02194  0.002987         0   0.02493        32       640    0.8865    0.9167    0.9497    0.7598   0.02922  0.004806         0
     27/99     6.01G    0.0195  0.002619         0   0.02212        25       640    0.9321    0.9167    0.9522    0.7626   0.03248  0.004807         0
     28/99     6.01G    0.0195   0.00272         0   0.02222        22       640    0.9298    0.8831    0.9596    0.7747   0.02912  0.004887         0
     29/99     6.01G   0.02175  0.002647         0    0.0244        33       640    0.9016    0.9165    0.9547    0.7613   0.03431  0.004806         0
     30/99     6.01G   0.02075  0.002385         0   0.02314        30       640    0.9138    0.8829     0.944    0.7521   0.03292  0.005311         0
     31/99     6.01G   0.02009  0.002551         0   0.02264        20       640    0.9625    0.8667    0.9542    0.7811   0.03025  0.004933         0
     32/99     6.01G   0.02106  0.002394         0   0.02346        27       640    0.9636    0.8833    0.9604     0.755   0.03017   0.00473         0
     33/99     6.01G   0.02127  0.002449         0   0.02372        34       640     0.929    0.8833    0.9472    0.7289   0.03747  0.004923         0
     34/99     6.02G   0.02215  0.002276         0   0.02442        20       640    0.9176    0.9333    0.9716    0.7459   0.03684  0.004446         0
     35/99     6.02G    0.0246  0.002416         0   0.02701        21       640    0.9491    0.9333     0.971     0.782   0.03327  0.004395         0
     36/99     6.02G   0.02168  0.002378         0   0.02405        30       640    0.9811    0.8661    0.9693    0.7732   0.03359  0.004588         0
     37/99     6.02G   0.02354  0.002393         0   0.02594        31       640    0.9167    0.9166    0.9629    0.7158   0.03355  0.004866         0
     38/99     6.02G   0.02445  0.002505         0   0.02695        31       640    0.8281    0.8833    0.9224    0.7092   0.03463  0.005419         0
     39/99     6.02G   0.02119  0.002371         0   0.02356        20       640    0.9344      0.95    0.9716    0.7736   0.03298  0.004441         0
     40/99     6.02G    0.0217  0.002227         0   0.02392        31       640    0.9301       0.9    0.9597    0.7416   0.03395  0.005149         0
     41/99     6.02G   0.02123  0.002356         0   0.02358        24       640    0.9322    0.9167    0.9593      0.74   0.03502  0.004458         0
     42/99     6.02G   0.02063  0.002311         0   0.02294        21       640    0.9474    0.8997    0.9485    0.7426   0.03352    0.0044         0
     43/99     6.02G   0.02059  0.002088         0   0.02268        16       640    0.9653    0.9333    0.9707    0.7789   0.03043  0.004415         0
     44/99     6.02G   0.02129  0.002331         0   0.02362        30       640         1    0.8664    0.9737     0.744   0.03076   0.00479         0
     45/99     6.02G   0.02157  0.002451         0   0.02402        23       640    0.9491    0.9331    0.9625    0.7502   0.03276  0.004909         0
     46/99     6.02G   0.01994  0.002138         0   0.02208        16       640    0.9341      0.95    0.9618    0.7582   0.03109  0.004644         0
     47/99     6.02G   0.02144  0.002177         0   0.02361        26       640    0.9355    0.9665    0.9679    0.7718   0.03112  0.004356         0
     48/99     6.02G   0.02096  0.002146         0    0.0231        23       640    0.9818    0.8999    0.9684    0.7636   0.03244  0.004605         0
     49/99     6.02G   0.02121  0.002065         0   0.02328        30       640    0.9654    0.9333    0.9662    0.7774   0.02989  0.004423         0
     50/99     6.02G   0.02037  0.002087         0   0.02246        27       640    0.9807    0.8488    0.9461    0.7378   0.03195  0.005317         0
     51/99     6.02G   0.02141  0.002117         0   0.02353        19       640    0.9824    0.9333    0.9699    0.7734   0.03051  0.004547         0
     52/99     6.02G   0.01981  0.001991         0    0.0218        25       640    0.9354    0.9667    0.9761    0.7696   0.03152  0.004724         0
     53/99     6.02G   0.02195  0.002055         0   0.02401        23       640    0.9321    0.9159     0.951    0.7232    0.0327  0.006036         0
     54/99     6.02G   0.02252  0.002479         0     0.025        25       640         1      0.95    0.9773    0.7815   0.03112  0.004486         0
     55/99     6.02G   0.02139  0.002072         0   0.02347        27       640    0.9822    0.9333    0.9609    0.7538   0.03171  0.005016         0
     56/99     6.02G   0.02301  0.002141         0   0.02516        29       640    0.9998    0.9667    0.9743    0.7933   0.03274  0.004477         0
     57/99     6.02G   0.02185  0.002149         0     0.024        35       640     0.966      0.95    0.9732    0.7811   0.03352  0.004485         0
     58/99     6.02G   0.02232  0.002205         0   0.02453        17       640    0.9998    0.9333    0.9789     0.813    0.0294  0.004541         0
     59/99     6.02G   0.02379   0.00189         0   0.02568        30       640    0.9504    0.9667    0.9781    0.7732   0.03128  0.004713         0
     60/99     6.02G   0.02335   0.00211         0   0.02546        19       640    0.9999      0.95    0.9815    0.7458   0.03185  0.004761         0
     61/99     6.02G    0.0222  0.001916         0   0.02412        25       640    0.9662    0.9667    0.9679    0.7792   0.03271  0.004691         0
     62/99     6.02G   0.01965  0.001981         0   0.02163        23       640    0.9828      0.95    0.9743    0.7772   0.03072  0.004648         0
     63/99     6.02G   0.02173  0.002153         0   0.02388        27       640    0.9667    0.9666     0.976    0.7805   0.03131  0.004594         0
     64/99     6.02G   0.01959   0.00194         0   0.02153        31       640    0.9658      0.95    0.9781    0.7488   0.02995  0.004631         0
     65/99     6.02G   0.01975  0.002101         0   0.02185        31       640    0.9826      0.95    0.9803    0.7757   0.02979  0.004662         0
     66/99     6.02G   0.02045   0.00191         0   0.02236        29       640    0.9828      0.95    0.9777    0.7835   0.03139   0.00451         0
     67/99     6.02G   0.02101  0.002154         0   0.02316        30       640    0.9667    0.9666    0.9757     0.809    0.0313  0.004363         0
     68/99     6.02G   0.02037  0.001977         0   0.02235        29       640     0.966      0.95    0.9739    0.7998   0.03079  0.004674         0
     69/99     6.02G   0.02267  0.001999         0   0.02467        30       640         1      0.95    0.9712    0.7791   0.03181  0.004697         0
     70/99     6.02G   0.02003  0.001956         0   0.02199        28       640         1    0.9499    0.9722    0.7915    0.0315  0.004529         0
     71/99     6.02G    0.0212  0.002142         0   0.02334        29       640    0.9661      0.95    0.9745    0.7987   0.02997  0.004579         0
     72/99     6.02G   0.02246  0.001862         0   0.02432        22       640         1    0.9666    0.9729    0.8157   0.03018  0.004624         0
     73/99     6.02G   0.02151  0.002058         0   0.02357        35       640    0.9828    0.9667     0.976    0.8092   0.03346   0.00449         0
     74/99     6.02G   0.02147  0.001777         0   0.02324        26       640    0.9986    0.9667    0.9721    0.8176   0.02975  0.004695         0
     75/99     6.02G   0.01836  0.002019         0   0.02038        18       640         1    0.9666    0.9805    0.8004    0.0314  0.004495         0
     76/99     6.02G   0.02092  0.001843         0   0.02277        31       640         1    0.9666    0.9811    0.8064   0.03145  0.004419         0
     77/99     6.02G   0.01771  0.001848         0   0.01956        27       640    0.9829    0.9667    0.9749    0.8131   0.02911  0.004535         0
     78/99     6.02G   0.01986  0.001932         0   0.02179        30       640    0.9667    0.9666    0.9845     0.824    0.0277  0.004476         0
     79/99     6.02G   0.01689  0.001742         0   0.01863        26       640     0.983    0.9667    0.9714    0.8057   0.02772  0.004488         0
     80/99     6.02G   0.01864  0.001705         0   0.02035        19       640     0.983    0.9666    0.9633    0.7949   0.03101  0.004463         0
     81/99     6.02G   0.01988  0.001696         0   0.02158        25       640    0.9828    0.9667    0.9755    0.8023    0.0293  0.004617         0
     82/99     6.02G   0.01707  0.001636         0   0.01871        18       640     0.983    0.9667    0.9639    0.8204   0.02688  0.004637         0
     83/99     6.02G   0.01742  0.001649         0   0.01907        27       640     0.983    0.9667    0.9807    0.8233   0.02744  0.004651         0
     84/99     6.02G   0.01728  0.001599         0   0.01888        28       640         1    0.9667    0.9663    0.8021   0.02895   0.00455         0
     85/99     6.02G   0.01704  0.001764         0    0.0188        34       640         1    0.9667    0.9807    0.7977   0.02937   0.00452         0
     86/99     6.02G   0.01743  0.001782         0   0.01921        21       640         1    0.9667    0.9737    0.7959   0.02878  0.004444         0
     87/99     6.02G   0.01553  0.001582         0   0.01711        20       640         1    0.9667    0.9746    0.8143   0.02707  0.004507         0
     88/99     6.02G   0.01583  0.001742         0   0.01757        22       640         1    0.9667    0.9724    0.8215   0.02706  0.004515         0
     89/99     6.02G   0.01684  0.001795         0   0.01863        23       640         1    0.9667    0.9795    0.8104    0.0283   0.00458         0
     90/99     6.02G   0.01631   0.00165         0   0.01796        23       640         1    0.9665    0.9791    0.8057   0.02817  0.004594         0
     91/99     6.02G   0.01639  0.001694         0   0.01808        26       640     0.983    0.9667    0.9721     0.798   0.02838  0.004594         0
     92/99     6.02G   0.01535  0.001595         0   0.01694        22       640         1    0.9667    0.9725     0.804   0.02844  0.004615         0
     93/99     6.02G   0.01512  0.001687         0   0.01681        18       640         1    0.9667    0.9734    0.8013   0.02884  0.004609         0
     94/99     6.02G   0.01562  0.001746         0   0.01737        24       640    0.9831    0.9666    0.9747    0.7986   0.02915  0.004594         0
     95/99     6.02G   0.01607   0.00163         0    0.0177        19       640     0.983    0.9667    0.9748    0.7934   0.02918  0.004603         0
     96/99     6.02G   0.01401  0.001653         0   0.01566        26       640    0.9999    0.9667    0.9761    0.7982   0.02928  0.004614         0
     97/99     6.02G   0.01529  0.001432         0   0.01672        21       640     0.983    0.9667    0.9757       0.8   0.02909   0.00461         0
     98/99     6.02G   0.01451  0.001556         0   0.01606        18       640         1    0.9667    0.9763    0.7979   0.02897  0.004627         0
     99/99     6.02G   0.01513  0.001555         0   0.01669        21       640         1    0.9667    0.9763    0.8053   0.02887  0.004625         0
