      0/99     12.5G   0.02062   0.02083         0   0.04145        11      1408    0.1941      0.95    0.2111    0.1578   0.01452  0.008401         0
      1/99     2.63G    0.0176  0.007524         0   0.02512        15      1248    0.1893      0.95    0.2033    0.1536   0.01433    0.0078         0
      2/99     15.2G    0.0172  0.008416         0   0.02561         8      1536    0.1993    0.9833    0.2161    0.1695   0.01391   0.00748         0
      3/99       16G   0.01946  0.008662         0   0.02812         6       992    0.2109    0.9488    0.2343    0.1836   0.01359  0.007283         0
      4/99       16G   0.01886    0.0072         0   0.02606         9       544    0.2231    0.8833    0.2412    0.1822   0.01456  0.007388         0
      5/99     15.6G   0.01868  0.008866         0   0.02755         6       768    0.2201    0.9829    0.2404    0.1881   0.01329  0.007089         0
      6/99     15.6G   0.01833  0.007517         0   0.02585         9      1184    0.2526    0.8166    0.3113    0.2353   0.01383  0.006902         0
      7/99     15.6G    0.0187   0.00757         0   0.02627        11       576    0.2741       0.8     0.324     0.243   0.01369  0.006535         0
      8/99     15.6G   0.01903  0.009094         0   0.02812         9       832    0.4787    0.5667    0.4443    0.3488   0.01509  0.006419         0
      9/99     15.6G   0.01861  0.007237         0   0.02585        11      1024     0.354     0.749    0.4033    0.2986   0.01497   0.00629         0
     10/99     15.6G   0.01854  0.006334         0   0.02487        11       960    0.4252    0.6667    0.4362    0.3391   0.01412  0.006119         0
     11/99     15.6G   0.01867  0.007142         0   0.02581        11       928    0.6162       0.7    0.7031    0.5234   0.01351  0.005832         0
     12/99     15.6G   0.01919  0.006512         0    0.0257        15       768    0.9763       0.7    0.9043    0.7341   0.01483  0.004726         0
     13/99     15.6G   0.01765  0.004516         0   0.02217        10      1536    0.7281    0.7167    0.7903    0.6156   0.01543  0.005719         0
     14/99     15.6G   0.01911   0.00423         0   0.02334        20       768     0.656    0.6992    0.7534    0.5541   0.01779  0.006305         0
     15/99     15.6G   0.01914  0.004203         0   0.02335        10      1088    0.9796    0.7999    0.9395    0.7289   0.01955   0.00394         0
     16/99     15.6G   0.01928  0.004028         0   0.02331        12       512    0.9629    0.8667    0.9677    0.7827   0.01835   0.00384         0
     17/99     15.6G   0.01972  0.003514         0   0.02323         7      1504    0.8474    0.8328    0.8832    0.6563   0.01925  0.005778         0
     18/99     15.6G   0.01914  0.004072         0   0.02321        12      1408    0.5754    0.6167    0.6209    0.4538   0.02192  0.008009         0
     19/99     15.6G   0.01945  0.003694         0   0.02315        16      1184    0.9137    0.8827    0.9484    0.7294    0.0214  0.004395         0
     20/99     15.6G   0.02057  0.003863         0   0.02443         6       960    0.9491    0.9329    0.9654    0.7304   0.01964  0.003923         0
     21/99     15.6G   0.01908  0.003267         0   0.02234         8       928    0.9104      0.85    0.9329    0.7191   0.02005  0.004397         0
