      0/99     5.52G   0.04543   0.03359         0   0.07903         5       512    0.1979    0.9662    0.1987    0.1516   0.01945  0.008279         0
      1/99     8.55G   0.05715    0.0103         0   0.06744         2      1408    0.2026    0.9318    0.2097    0.1594   0.01927  0.007604         0
      2/99     8.55G   0.05451  0.003603         0   0.05812         8      1536    0.2093       0.9    0.2126    0.1616   0.01959  0.008028         0
      3/99     8.55G   0.06157  0.002199         0   0.06377         8      1248    0.2111       0.8    0.2082     0.141   0.02084   0.00842         0
      4/99     8.55G     0.049  0.003153         0   0.05215         9       832    0.2192    0.7814    0.2163    0.1549   0.02157  0.008763         0
      5/99     8.55G   0.05626  0.002151         0   0.05841         5      1536    0.2121    0.8435    0.2192    0.1557   0.02415   0.00889         0
      6/99     8.55G    0.0764  0.001649         0   0.07805         5      1184    0.2337    0.7575     0.229    0.1566   0.02437  0.008962         0
      7/99     1.92G   0.04872  0.003409         0   0.05213        11       992    0.2101      0.85    0.2286     0.142   0.02738  0.008556         0
      8/99      2.9G    0.0547  0.001873         0   0.05657         8      1504     0.196       0.9    0.2145    0.1374   0.03191  0.008469         0
      9/99     1.44G   0.06384  0.002165         0   0.06601         6       544    0.2279    0.6167    0.2205    0.1072    0.0302  0.008769         0
     10/99     1.94G   0.06246  0.001793         0   0.06425        11      1152    0.2253    0.6667    0.2523    0.1461   0.02879  0.009043         0
     11/99     3.65G   0.05851  0.002274         0   0.06078         5       768    0.2272    0.6833    0.2534    0.1314   0.03427  0.008631         0
