      0/99     1.34G     0.022   0.02101         0   0.04301        26       512    0.1958    0.9667    0.1996    0.1493    0.0187   0.00887         0
      1/99     24.7G   0.02201    0.0132         0   0.03521        22      1408     0.195      0.95    0.2172    0.1565   0.01905  0.007653         0
      2/99     35.4G    0.0203  0.007998         0    0.0283        29      1536    0.1989    0.9333    0.2157    0.1697   0.01838  0.007375         0
      3/99     28.8G   0.01904   0.00575         0   0.02479        22      1248    0.1991       0.9    0.2241    0.1685   0.01868  0.007396         0
      4/99       33G   0.02204  0.008445         0   0.03048        33       832    0.2039    0.9833    0.2328    0.1675   0.01858  0.007505         0
      5/99       33G   0.01929  0.007157         0   0.02645        29      1536    0.2077    0.9667    0.2463    0.1717   0.01899  0.007361         0
      6/99     35.9G   0.01848  0.006382         0   0.02486        26      1184    0.2118         1    0.2217      0.17   0.01833  0.007172         0
      7/99     35.9G   0.02049   0.01035         0   0.03084        25       992    0.2161    0.9833    0.2437    0.1884   0.01828  0.007004         0
      8/99     35.9G   0.01716  0.007141         0    0.0243        27      1504    0.2217    0.9833    0.2635    0.1936   0.01892  0.006933         0
      9/99     35.9G   0.02059  0.007658         0   0.02825        23       544     0.218    0.9477    0.2981    0.2242   0.01886   0.00681         0
     10/99     35.9G   0.01756  0.006876         0   0.02444        27      1152    0.2479    0.7167     0.255    0.1953   0.01931  0.006901         0
     11/99     35.9G   0.01756  0.008847         0    0.0264        30       768    0.3154    0.5333    0.3473    0.2786   0.01823  0.006602         0
     12/99     35.9G   0.01916  0.008295         0   0.02746        29      1504    0.3506    0.7167    0.4086     0.328   0.01763  0.006529         0
     13/99     35.9G   0.01802   0.00715         0   0.02517        26      1184    0.6281     0.563      0.56    0.4583   0.01792  0.006081         0
     14/99     35.9G   0.02091  0.007692         0    0.0286        24       928    0.5165    0.7477    0.6189    0.5012   0.01774  0.006033         0
     15/99     35.9G    0.0173  0.005463         0   0.02276        29       576    0.6707     0.713    0.7384     0.575   0.01907  0.005797         0
     16/99     35.9G   0.01885  0.005935         0   0.02478        30       736    0.7579    0.7833    0.8327    0.6527   0.01989  0.005296         0
     17/99     35.9G   0.02018  0.007534         0   0.02771        24       832    0.7724    0.6833    0.8022     0.661   0.02087  0.005603         0
     18/99     35.9G   0.01721  0.004097         0   0.02131        28      1152    0.8299    0.7318    0.8789    0.6889   0.02337  0.005029         0
     19/99     35.9G    0.0186  0.005661         0   0.02426        31      1024    0.8813    0.8667    0.9333    0.7468   0.02486  0.004236         0
     20/99     35.9G   0.01982  0.003951         0   0.02377        28       672    0.9634    0.8833    0.9538    0.7807   0.02004  0.004075         0
     21/99     35.9G   0.02058  0.003683         0   0.02426        28       960    0.9161    0.9167    0.9562    0.7725   0.02371  0.004066         0
     22/99     35.9G   0.02031  0.005243         0   0.02555        37       704    0.9643       0.9    0.9608    0.7728   0.02192  0.004051         0
     23/99     35.9G   0.02179  0.003766         0   0.02556        31       928    0.9622    0.8497     0.945     0.809   0.02566  0.004092         0
     24/99     35.9G   0.02234    0.0036         0   0.02594        26      1024    0.9806      0.85     0.955    0.8037   0.02108  0.004065         0
     25/99     35.9G   0.01955  0.004598         0   0.02415        27       768    0.9444    0.8499    0.9486    0.7645   0.02504  0.003981         0
     26/99     35.9G   0.02048  0.003814         0    0.0243        34       960    0.9817       0.9    0.9684    0.7925   0.02189  0.003721         0
     27/99     35.9G   0.01895  0.003022         0   0.02198        26      1536       0.9    0.8998    0.9469     0.769   0.01944  0.004349         0
     28/99     35.9G    0.0197  0.003139         0   0.02284        29      1376    0.9817       0.9    0.9535     0.749   0.02035  0.004308         0
     29/99     35.9G   0.02004  0.004133         0   0.02418        28       768    0.9016    0.9162     0.949    0.7607   0.02369  0.004426         0
     30/99     35.9G   0.01678  0.002572         0   0.01935        26      1344     0.931    0.9167    0.9554    0.7964   0.02193  0.003873         0
     31/99     35.9G    0.0221  0.003976         0   0.02608        20      1088    0.9072    0.8152    0.9188    0.7383   0.02226  0.005054         0
