      0/99    0.593G   0.04623   0.02711         0   0.07334       126       640    0.6158    0.5366    0.5209     0.321   0.05386   0.02885         0
      1/99     5.13G   0.03887   0.02863         0    0.0675       129       640    0.5954    0.5498    0.5334    0.3346   0.05344    0.0296         0
      2/99       11G    0.0392   0.02903         0   0.06823       118       640    0.5915    0.5288    0.5119    0.3117   0.05655   0.02987         0
      3/99       11G   0.03935   0.02904         0   0.06839       121       640    0.5828    0.5361    0.5147    0.3199   0.05674   0.03025         0
      4/99       11G   0.03885     0.029         0   0.06785       151       640    0.6016    0.5364    0.5147    0.3212    0.0552   0.03017         0
      5/99       11G   0.03848   0.02877         0   0.06725       103       640    0.6082    0.5365    0.5267     0.333   0.05334    0.0312         0
      6/99       11G   0.03829   0.02861         0   0.06691       113       640    0.6108    0.5346    0.5265    0.3349   0.05361    0.0309         0
      7/99       11G   0.03815    0.0287         0   0.06684       169       640    0.5987    0.5605     0.538    0.3439   0.05285   0.03106         0
      8/99       11G   0.03811   0.02847         0   0.06658       146       640    0.6131    0.5477    0.5357    0.3437   0.05237   0.03139         0
      9/99       11G   0.03799   0.02865         0   0.06664        94       640    0.6295    0.5364    0.5389     0.348   0.05158   0.03171         0
     10/99       11G   0.03797   0.02865         0   0.06662       113       640    0.6032    0.5555    0.5381    0.3488   0.05131   0.03174         0
     11/99       11G   0.03805   0.02858         0   0.06663       166       640    0.6068    0.5597    0.5413    0.3509   0.05114   0.03173         0
     12/99       11G   0.03788   0.02848         0   0.06636       175       640    0.6158    0.5549     0.545    0.3545   0.05083   0.03176         0
     13/99       11G   0.03789   0.02863         0   0.06652       134       640    0.6133    0.5559     0.546    0.3558   0.05041    0.0319         0
     14/99       11G   0.03787   0.02868         0   0.06655        76       640    0.6117    0.5569     0.546    0.3561   0.05023   0.03195         0
     15/99       11G   0.03782   0.02868         0    0.0665       123       640    0.6195    0.5517    0.5466    0.3571   0.05015   0.03199         0
     16/99       11G   0.03777   0.02855         0   0.06632       140       640    0.6107    0.5601    0.5469    0.3578   0.05008   0.03201         0
     17/99       11G   0.03776   0.02871         0   0.06647       105       640    0.5993    0.5704    0.5476    0.3585   0.04998   0.03204         0
     18/99       11G   0.03773   0.02861         0   0.06635       142       640    0.6002    0.5701    0.5482     0.359   0.04993   0.03204         0
     19/99       11G    0.0377   0.02862         0   0.06633       109       640    0.6009    0.5704    0.5486    0.3594   0.04983   0.03206         0
     20/99       11G   0.03766   0.02861         0   0.06627       131       640    0.6037    0.5698    0.5489    0.3597    0.0497   0.03209         0
     21/99       11G   0.03763   0.02858         0    0.0662        96       640    0.6058    0.5688    0.5488      0.36   0.04962   0.03209         0
     22/99       11G   0.03757    0.0287         0   0.06627       142       640    0.6057    0.5695    0.5487    0.3598   0.04947   0.03211         0
     23/99       11G   0.03732   0.02894         0   0.06627       175       640    0.6084    0.5687    0.5495    0.3601   0.04923   0.03211         0
     24/99       11G   0.03698   0.02901         0     0.066       123       640      0.61    0.5672    0.5498    0.3603   0.04894   0.03208         0
     25/99       11G    0.0368   0.02899         0   0.06579       153       640    0.6098    0.5678    0.5502    0.3605   0.04864   0.03205         0
     26/99       11G   0.03675   0.02901         0   0.06576       108       640    0.6022    0.5738    0.5499    0.3606   0.04836   0.03204         0
     27/99       11G   0.03669   0.02894         0   0.06563       170       640    0.6009    0.5766    0.5505    0.3612   0.04812   0.03201         0
     28/99       11G   0.03658   0.02892         0    0.0655        93       640    0.6039    0.5735    0.5507    0.3618   0.04792   0.03197         0
     29/99       11G   0.03662   0.02894         0   0.06557        74       640    0.6023    0.5746    0.5514    0.3624    0.0478   0.03192         0
     30/99       11G   0.03659   0.02884         0   0.06542       108       640    0.6016    0.5752    0.5515    0.3624   0.04768   0.03189         0
     31/99       11G   0.03654   0.02891         0   0.06546       162       640    0.6028    0.5752    0.5518    0.3624   0.04757   0.03186         0
     32/99       11G   0.03644   0.02886         0    0.0653        91       640     0.607    0.5718    0.5519     0.363   0.04749   0.03183         0
     33/99       11G   0.03647   0.02878         0   0.06525       152       640    0.6097    0.5699    0.5518    0.3631   0.04741   0.03181         0
     34/99       11G    0.0364    0.0287         0   0.06511       147       640    0.6115    0.5686    0.5523    0.3633   0.04737   0.03178         0
     35/99       11G   0.03637   0.02879         0   0.06517       111       640    0.6076    0.5721    0.5526    0.3638   0.04734   0.03179         0
     36/99       11G   0.03633   0.02876         0   0.06509       104       640    0.6201    0.5621     0.553    0.3643   0.04729   0.03179         0
     37/99       11G   0.03628   0.02871         0     0.065       143       640    0.6217    0.5611    0.5534    0.3645   0.04727   0.03179         0
     38/99       11G   0.03623   0.02876         0   0.06499       122       640    0.5986    0.5818    0.5539    0.3651   0.04725   0.03179         0
     39/99       11G   0.03612   0.02864         0   0.06475       126       640    0.6134    0.5686    0.5541    0.3655   0.04722   0.03177         0
     40/99       11G   0.03618   0.02857         0   0.06476       102       640    0.6088    0.5736    0.5544    0.3661    0.0472   0.03176         0
     41/99       11G   0.03611    0.0287         0   0.06481       138       640    0.6144    0.5693    0.5547    0.3663   0.04718   0.03176         0
     42/99       11G   0.03611   0.02876         0   0.06487       108       640    0.6112    0.5726    0.5549    0.3667   0.04714   0.03178         0
     43/99       11G   0.03603   0.02871         0   0.06473       101       640    0.6189    0.5662    0.5556    0.3675   0.04712   0.03178         0
     44/99       11G   0.03598   0.02856         0   0.06454       122       640    0.6099    0.5751    0.5559    0.3676   0.04712   0.03179         0
     45/99       11G   0.03597   0.02863         0    0.0646       102       640    0.6129    0.5722    0.5561    0.3678    0.0471    0.0318         0
     46/99       11G   0.03595   0.02862         0   0.06458       184       640    0.6151    0.5701    0.5562    0.3681   0.04708   0.03181         0
     47/99       11G   0.03586   0.02853         0   0.06439       153       640    0.6132    0.5714    0.5563    0.3684   0.04707   0.03183         0
     48/99       11G   0.03581   0.02838         0   0.06418        70       640    0.6078    0.5766    0.5565    0.3691   0.04706   0.03185         0
     49/99       11G    0.0358   0.02841         0   0.06421       127       640    0.6098    0.5741    0.5562    0.3692   0.04705   0.03188         0
     50/99       11G   0.03571   0.02847         0   0.06419       119       640    0.6204    0.5659    0.5565    0.3693   0.04704    0.0319         0
     51/99       11G   0.03563   0.02837         0     0.064        95       640     0.614     0.572    0.5566    0.3698   0.04703    0.0319         0
     52/99       11G   0.03554   0.02827         0   0.06381       124       640     0.615    0.5716    0.5567    0.3701   0.04701   0.03192         0
     53/99       11G   0.03558   0.02839         0   0.06397       194       640    0.6207    0.5683    0.5568    0.3708   0.04698   0.03195         0
     54/99       11G   0.03557   0.02843         0     0.064       164       640    0.6197    0.5694    0.5571    0.3708   0.04696   0.03196         0
     55/99       11G   0.03543    0.0283         0   0.06374        75       640    0.6195    0.5695    0.5574    0.3712   0.04693     0.032         0
     56/99       11G   0.03546   0.02829         0   0.06374       160       640    0.6036    0.5838    0.5573    0.3712   0.04693   0.03202         0
     57/99       11G   0.03536   0.02827         0   0.06362       155       640    0.6129    0.5757    0.5574    0.3715   0.04691   0.03205         0
     58/99       11G    0.0353   0.02823         0   0.06354       164       640    0.6128    0.5761    0.5575    0.3715   0.04689   0.03207         0
     59/99       11G    0.0352   0.02825         0   0.06346        96       640    0.6078    0.5816     0.558    0.3721   0.04688   0.03209         0
     60/99       11G    0.0352   0.02806         0   0.06326       114       640    0.6099    0.5802    0.5586    0.3728   0.04683   0.03212         0
     61/99       11G   0.03515   0.02815         0   0.06329        94       640    0.6102    0.5817    0.5594    0.3733   0.04681   0.03214         0
     62/99       11G   0.03511   0.02804         0   0.06315        85       640    0.6127    0.5795      0.56    0.3739   0.04679   0.03216         0
     63/99       11G    0.0351   0.02811         0   0.06321        95       640    0.6146    0.5782    0.5604    0.3745   0.04677   0.03218         0
     64/99       11G   0.03501   0.02801         0   0.06303       131       640    0.6208    0.5723    0.5606    0.3747   0.04675   0.03219         0
     65/99       11G   0.03493   0.02803         0   0.06296       121       640     0.622    0.5712    0.5607    0.3752   0.04672   0.03221         0
     66/99       11G   0.03487   0.02789         0   0.06276       103       640    0.6107    0.5815     0.561    0.3756   0.04669   0.03223         0
     67/99       11G   0.03479   0.02782         0   0.06262       206       640    0.6193    0.5754    0.5612    0.3757   0.04667   0.03225         0
     68/99       11G   0.03479   0.02781         0    0.0626       116       640    0.6206    0.5745    0.5615    0.3761   0.04664   0.03228         0
     69/99       11G   0.03476   0.02787         0   0.06263       203       640    0.6222    0.5733    0.5615     0.376   0.04662   0.03231         0
     70/99       11G   0.03458   0.02767         0   0.06225       208       640    0.6209    0.5746    0.5616    0.3761   0.04659   0.03235         0
     71/99       11G   0.03459   0.02777         0   0.06236       161       640    0.6158    0.5798     0.562    0.3766   0.04659   0.03237         0
     72/99       11G   0.03454   0.02777         0   0.06231       155       640    0.6184    0.5764     0.562    0.3768   0.04658    0.0324         0
     73/99       11G   0.03453   0.02767         0    0.0622       156       640    0.6081    0.5864    0.5624    0.3775   0.04654   0.03243         0
     74/99       11G   0.03445   0.02772         0   0.06217       102       640    0.6117    0.5846    0.5631     0.378   0.04652   0.03246         0
     75/99       11G   0.03437   0.02761         0   0.06198        97       640     0.609    0.5867    0.5632    0.3781   0.04647   0.03251         0
     76/99       11G   0.03424   0.02749         0   0.06172       138       640    0.6091    0.5874    0.5633    0.3785   0.04643   0.03253         0
     77/99       11G   0.03424   0.02738         0   0.06162        74       640    0.6142    0.5832    0.5637    0.3789   0.04638   0.03256         0
     78/99       11G   0.03416   0.02736         0   0.06152       176       640    0.6108    0.5868    0.5637    0.3794   0.04638    0.0326         0
     79/99       11G   0.03414   0.02761         0   0.06175       136       640    0.6134    0.5847     0.564    0.3798   0.04636   0.03262         0
     80/99       11G   0.03395   0.02723         0   0.06118       107       640    0.6121    0.5864    0.5642    0.3801   0.04633   0.03266         0
     81/99       11G   0.03392    0.0274         0   0.06131       114       640    0.6083    0.5912    0.5646    0.3806    0.0463   0.03269         0
     82/99       11G   0.03385   0.02722         0   0.06107       152       640    0.6085    0.5914    0.5646    0.3807   0.04628   0.03272         0
     83/99       11G   0.03377   0.02713         0    0.0609       140       640    0.6168    0.5838    0.5644    0.3808   0.04626   0.03276         0
     84/99       11G   0.03374   0.02706         0    0.0608       139       640     0.618    0.5827     0.564     0.381   0.04624   0.03281         0
     85/99       11G   0.03367   0.02711         0   0.06078       128       640    0.6172    0.5832    0.5641    0.3811   0.04622   0.03285         0
     86/99       11G   0.03359   0.02696         0   0.06055        88       640    0.6169    0.5841    0.5641    0.3812    0.0462   0.03289         0
     87/99       11G   0.03354   0.02688         0   0.06042       108       640    0.6163    0.5847     0.564    0.3812   0.04619   0.03294         0
     88/99       11G   0.03344   0.02683         0   0.06027       175       640    0.6225    0.5797    0.5639    0.3813   0.04618   0.03298         0
     89/99       11G   0.03343   0.02682         0   0.06025       138       640    0.6175    0.5849    0.5642    0.3814   0.04617   0.03302         0
     90/99       11G    0.0334   0.02679         0   0.06019       128       640    0.6095    0.5933    0.5643    0.3816   0.04617   0.03306         0
     91/99       11G   0.03325   0.02674         0   0.05999       144       640    0.6079    0.5953    0.5642    0.3814   0.04615   0.03311         0
     92/99       11G   0.03323   0.02672         0   0.05995       176       640    0.6105    0.5934    0.5642    0.3815   0.04613   0.03314         0
     93/99       11G   0.03324   0.02666         0   0.05989        91       640    0.6171    0.5879    0.5643    0.3816   0.04611   0.03318         0
     94/99       11G   0.03322   0.02682         0   0.06004        88       640    0.6193    0.5856    0.5642    0.3816    0.0461   0.03322         0
     95/99       11G   0.03317   0.02662         0   0.05979       134       640     0.626    0.5802     0.564    0.3816   0.04609   0.03327         0
     96/99       11G   0.03313   0.02659         0   0.05973       109       640    0.6243    0.5821    0.5637    0.3815   0.04608   0.03331         0
     97/99       11G   0.03307   0.02653         0   0.05961       185       640    0.6165    0.5894    0.5636    0.3815   0.04608   0.03334         0
     98/99       11G   0.03311   0.02666         0   0.05977        92       640    0.6201    0.5862     0.563    0.3811   0.04608   0.03338         0
     99/99       11G   0.03306   0.02662         0   0.05969       140       640    0.6166    0.5893    0.5629    0.3809   0.04608   0.03342         0
