      0/99     6.51G   0.02492    0.0169         0   0.04182        28       704    0.2077       0.9     0.208    0.1553   0.03404   0.01063         0
      1/99     12.4G   0.02521   0.01178         0   0.03699        22       320    0.2094    0.8833    0.2079    0.1509   0.03405  0.009172         0
      2/99     12.4G    0.0234  0.007085         0   0.03049        24       608    0.2021     0.916    0.2006    0.1477   0.03307  0.008859         0
      3/99     11.9G   0.02274  0.007168         0   0.02991        30       608     0.207    0.9167    0.2201    0.1559   0.03241  0.008745         0
      4/99     9.96G   0.02196  0.005941         0    0.0279        27       672    0.2058      0.95    0.2306    0.1669   0.03138  0.008633         0
      5/99     11.3G   0.02102  0.007345         0   0.02836        35       896    0.2043      0.95    0.2375    0.1738   0.03084  0.008443         0
      6/99     12.7G   0.02007  0.006508         0   0.02658        30       672    0.2076       0.9    0.2261    0.1689   0.03001  0.008378         0
      7/99     12.7G   0.02105  0.006644         0   0.02769        35       352    0.2407    0.6816    0.2488    0.1776   0.03226  0.008279         0
      8/99     12.7G   0.01965  0.004867         0   0.02452        26       928     0.213    0.9667    0.2463    0.1884   0.02986  0.008275         0
      9/99     12.7G   0.02218  0.006687         0   0.02887        28       352    0.2547    0.6892    0.2696    0.1931   0.03033  0.008072         0
     10/99     12.7G   0.02232  0.008994         0   0.03132        26       480    0.2642     0.766    0.3111    0.2234   0.03103  0.007842         0
     11/99     12.7G    0.0213  0.005959         0   0.02726        34       704    0.3166    0.5482    0.3183     0.244   0.03048  0.007902         0
     12/99     12.7G   0.02197  0.007648         0   0.02961        21       448     0.311      0.75    0.4229    0.3102   0.03028  0.007601         0
     13/99     12.7G   0.02052  0.005862         0   0.02638        36       704    0.4357    0.5667    0.4452     0.329   0.03198  0.007396         0
     14/99     12.7G   0.02129  0.007472         0   0.02876        35       480    0.6327    0.4595    0.5266    0.4146   0.03027  0.007158         0
     15/99     12.7G   0.01885  0.006544         0    0.0254        30       352     0.617    0.8333     0.684    0.5266   0.03092  0.006693         0
     16/99     12.7G    0.0195  0.004894         0   0.02439        28       800    0.7635       0.7    0.7286    0.5675   0.03069   0.00662         0
     17/99     12.7G   0.02088    0.0058         0   0.02668        22       576    0.8112    0.7162    0.7838    0.5892   0.03071  0.006379         0
     18/99     12.7G   0.02123  0.005547         0   0.02678        26       864    0.8986      0.75    0.8496    0.6634   0.02986  0.006073         0
     19/99     12.7G   0.02182  0.004207         0   0.02603        26       448    0.9387     0.766    0.8637    0.6731    0.0286  0.005946         0
     20/99     12.7G   0.02188  0.004554         0   0.02644        25       704    0.8474    0.8333    0.8782    0.6703   0.02984  0.005471         0
     21/99     12.7G   0.02218  0.004125         0    0.0263        21       416    0.8524    0.8667    0.9126    0.7066   0.02814  0.005343         0
     22/99     12.7G   0.02238  0.005806         0   0.02819        26       416    0.8684    0.8833    0.9236    0.6999    0.0302  0.004929         0
     23/99     12.7G   0.02269  0.003633         0   0.02632        19       512    0.8391    0.7826    0.8768    0.6667   0.03133  0.005791         0
     24/99     12.7G   0.02654  0.004358         0    0.0309        29       640    0.8745    0.8167    0.9083    0.7077   0.03231  0.005606         0
     25/99     12.7G   0.01991  0.002992         0   0.02291        19       512     0.852    0.8667    0.9009    0.6953   0.03234  0.005432         0
     26/99     12.7G   0.02263  0.004402         0   0.02703        32       352     0.912    0.8667    0.9286    0.7527   0.03214  0.005124         0
     27/99     12.7G   0.02182  0.003187         0     0.025        25       544    0.9272    0.8496    0.9286    0.7223   0.03588  0.005286         0
