      0/99     2.28G   0.02381   0.01583         0   0.03964        28       640    0.2065    0.9333     0.212     0.156   0.03423   0.01081         0
      1/99     3.52G   0.02401    0.0096         0   0.03361        22       640    0.2098      0.85    0.2091    0.1526    0.0344  0.009549         0
      2/99     3.52G   0.02432  0.007759         0   0.03208        24       640    0.2013      0.85    0.2084    0.1472   0.03432  0.009212         0
      3/99     3.52G   0.02422  0.006771         0   0.03099        30       640       0.2    0.8667    0.2084    0.1459   0.03373   0.00917         0
      4/99     3.52G    0.0243   0.00696         0   0.03126        27       640    0.1999    0.8167    0.2102    0.1442   0.03363  0.009138         0
      5/99     3.52G   0.02436  0.006427         0   0.03078        35       640    0.2008    0.8167    0.2142    0.1499    0.0341  0.009089         0
      6/99     3.52G   0.02205  0.006339         0   0.02839        30       640     0.202    0.8333    0.2137    0.1497   0.03412  0.009048         0
      7/99     3.52G   0.02421   0.00611         0   0.03032        35       640    0.2031      0.85    0.2178    0.1566    0.0341  0.008951         0
      8/99     3.52G   0.02403  0.005903         0   0.02994        26       640    0.2037    0.8333    0.2292    0.1639   0.03361  0.008865         0
      9/99     3.52G   0.02435  0.005812         0   0.03016        28       640    0.2241    0.6982    0.2466    0.1787   0.03291  0.008791         0
     10/99     3.52G   0.02365  0.005858         0   0.02951        26       640    0.2195    0.7264    0.2622    0.1896   0.03335  0.008721         0
     11/99     3.52G   0.02405  0.005763         0   0.02981        34       640    0.2189    0.7667    0.2561    0.1872   0.03439  0.008594         0
     12/99     3.52G   0.02438   0.00629         0   0.03067        21       640    0.2245    0.6657    0.2662    0.1954    0.0333  0.008523         0
     13/99     3.52G   0.02388  0.006124         0      0.03        36       640     0.225    0.6667    0.2805    0.2117   0.03351  0.008432         0
     14/99     3.52G   0.02371  0.005935         0   0.02965        35       640    0.2059    0.8833     0.277    0.2094   0.03346   0.00836         0
     15/99     3.52G   0.02341  0.005844         0   0.02926        30       640    0.2377      0.65    0.2856    0.2118   0.03355  0.008302         0
     16/99     3.52G   0.02398  0.005756         0   0.02974        28       640    0.2383    0.6667    0.2704    0.2018   0.03383  0.008222         0
     17/99     3.52G    0.0233  0.005274         0   0.02857        22       640     0.222    0.8667    0.2616    0.1872   0.03255  0.008219         0
     18/99     3.52G   0.02454  0.005488         0   0.03003        26       640    0.2712       0.6    0.2851    0.2098   0.03329  0.008147         0
     19/99     3.52G    0.0245  0.005596         0    0.0301        26       640    0.2684    0.5833    0.2756    0.1938   0.03445  0.008145         0
     20/99     3.52G   0.02513  0.005562         0   0.03069        25       640    0.2709    0.6315    0.3055    0.2199   0.03363  0.008061         0
     21/99     3.52G   0.02412  0.005752         0   0.02988        21       640    0.2544    0.6667    0.3262    0.2321     0.034  0.007946         0
     22/99     3.52G   0.02459  0.005384         0   0.02997        26       640    0.2442    0.6833    0.3487     0.243   0.03367  0.007939         0
     23/99     3.52G   0.02389  0.005629         0   0.02952        19       640    0.2747    0.6167    0.3248    0.2431   0.03547  0.007882         0
     24/99     3.52G   0.02498  0.005272         0   0.03025        29       640    0.2793    0.6167    0.3312    0.2347   0.03442  0.007868         0
     25/99     3.52G   0.02334  0.005452         0   0.02879        19       640    0.2721      0.65    0.3298    0.2332    0.0345  0.007869         0
     26/99     3.52G   0.02499  0.005708         0   0.03069        32       640    0.2819      0.65    0.3448    0.2379   0.03341  0.007792         0
     27/99     3.52G   0.02526  0.005361         0   0.03062        25       640    0.3292    0.5479    0.3448    0.2394   0.03339  0.007789         0
     28/99     3.52G    0.0251   0.00585         0   0.03095        22       640    0.2674    0.6333    0.3285    0.2301   0.03327  0.007706         0
     29/99     3.52G   0.02476  0.005654         0   0.03041        33       640    0.2729     0.563    0.3306    0.2286   0.03388   0.00772         0
     30/99     3.52G   0.02396  0.005534         0   0.02949        30       640    0.2849    0.6667    0.3503     0.247   0.03294  0.007703         0
     31/99     3.52G   0.02352  0.005875         0   0.02939        20       640    0.2935    0.6333    0.3567    0.2453   0.03309  0.007647         0
     32/99     3.52G   0.02399  0.005593         0   0.02958        27       640    0.3248    0.7167    0.3752    0.2574   0.04278   0.00735         0
     33/99     3.52G   0.02652  0.005494         0   0.03202        34       640    0.3071    0.6667    0.3771    0.2597   0.03448  0.007536         0
     34/99     3.52G   0.02481   0.00536         0   0.03018        20       640    0.3314    0.5667    0.3767    0.2564    0.0335  0.007506         0
     35/99     3.52G   0.02535  0.005586         0   0.03093        21       640    0.3656      0.55    0.3817     0.272   0.03444  0.007463         0
     36/99     3.52G   0.02375  0.005533         0   0.02928        30       640    0.3617    0.5833    0.3872    0.2728   0.03389  0.007358         0
     37/99     3.52G   0.02593  0.005548         0   0.03148        31       640     0.385      0.55    0.4066    0.2884     0.034  0.007331         0
     38/99     3.52G   0.02541  0.005483         0   0.03089        31       640    0.3709       0.6    0.3947    0.2868   0.03462   0.00737         0
     39/99     3.52G   0.02605  0.005375         0   0.03142        20       640    0.3805    0.6655     0.419    0.2901   0.03628  0.007314         0
     40/99     3.52G   0.02561  0.005255         0   0.03087        31       640    0.3496    0.6833    0.4395    0.3043   0.03295  0.007325         0
     41/99     3.52G   0.02558   0.00522         0    0.0308        24       640    0.4371    0.5305    0.4433     0.308   0.03267  0.007412         0
     42/99     3.52G   0.02428  0.005424         0   0.02971        21       640    0.3534    0.6667    0.4289    0.2934   0.03398  0.007296         0
     43/99     3.52G   0.02439  0.004977         0   0.02937        16       640    0.4135    0.5992     0.432    0.2926   0.03398  0.007378         0
     44/99     3.52G   0.02464  0.005591         0   0.03023        30       640    0.3999    0.6333    0.4576    0.3098   0.03265  0.007321         0
     45/99     3.52G    0.0243  0.005538         0   0.02984        23       640    0.4067    0.5826    0.4678    0.3331   0.03682  0.007192         0
     46/99     3.52G   0.02529  0.005038         0   0.03033        16       640    0.4773      0.55    0.4929    0.3422   0.03279  0.007332         0
     47/99     3.52G   0.02485   0.00515         0      0.03        26       640    0.4703      0.55    0.5031    0.3613   0.03325  0.007201         0
     48/99     3.52G   0.02383  0.005237         0   0.02907        23       640    0.4454    0.6167       0.5    0.3497   0.03301  0.007232         0
     49/99     3.52G   0.02448  0.005221         0    0.0297        30       640    0.4387       0.6    0.5251    0.3762   0.03237  0.007172         0
     50/99     3.52G   0.02437  0.005249         0   0.02962        27       640    0.4588    0.5651    0.5193    0.3598   0.03391  0.007241         0
     51/99     3.52G    0.0231   0.00497         0   0.02807        19       640    0.4575    0.6325    0.5304    0.3734   0.03231  0.007134         0
     52/99     3.52G   0.02375  0.005163         0   0.02891        25       640    0.4805    0.6629    0.5379    0.3868   0.03369  0.007091         0
     53/99     3.52G   0.02438  0.005192         0   0.02957        23       640    0.4713    0.6667    0.5488    0.3905   0.03507  0.007009         0
     54/99     3.52G   0.02502  0.005341         0   0.03036        25       640    0.4596    0.6833    0.5426    0.3974   0.03218  0.007055         0
     55/99     3.52G    0.0257  0.004933         0   0.03063        27       640    0.4477     0.716    0.5353    0.3741   0.03343  0.007092         0
     56/99     3.52G   0.02641  0.005037         0   0.03144        29       640    0.6266    0.4833    0.5695    0.3988   0.03332  0.007016         0
     57/99     3.52G   0.02642  0.005103         0   0.03152        35       640    0.4225    0.7804    0.5762    0.4289   0.03342  0.006942         0
     58/99     3.52G   0.02598  0.005066         0   0.03105        17       640    0.4586      0.75    0.6194    0.4415   0.03225  0.007013         0
     59/99     3.52G   0.02541  0.004699         0   0.03011        30       640    0.6502    0.4667    0.6062    0.4264    0.0339  0.006831         0
     60/99     3.52G   0.02575  0.004905         0   0.03065        19       640     0.513       0.6    0.5966    0.4141   0.03288  0.007044         0
     61/99     3.52G   0.02618  0.004706         0   0.03088        25       640    0.7088      0.45    0.5932    0.4312   0.03165  0.006921         0
     62/99     3.52G   0.02429  0.004844         0   0.02914        23       640    0.5816       0.5    0.5661    0.4165   0.03198  0.006891         0
     63/99     3.52G    0.0237  0.005183         0   0.02888        27       640    0.5137    0.5811    0.5797    0.4235   0.03176  0.006957         0
     64/99     3.52G   0.02301  0.005033         0   0.02804        31       640    0.5952    0.5167    0.6056    0.4478   0.03273   0.00693         0
