      0/99     5.35G   0.02444    0.0195         0   0.04395        26      1280    0.2082    0.8333    0.2048    0.1488   0.02489  0.009455         0
      1/99     6.18G   0.02495   0.01492         0   0.03986        25      1408    0.1937      0.95    0.2083    0.1532   0.02401  0.007695         0
      2/99     2.84G   0.02218   0.01498         0   0.03716        28       512    0.1966    0.9833    0.2137    0.1651   0.02351   0.00711         0
      3/99     4.54G   0.02139  0.007721         0   0.02911        27       960    0.1951    0.9833    0.2066    0.1594   0.02384  0.007109         0
      4/99     2.19G   0.02102  0.008121         0   0.02914        22       704     0.204    0.9139    0.2153    0.1665   0.02323  0.007097         0
      5/99     3.03G    0.0182  0.006378         0   0.02458        21       896       0.2    0.9497    0.2129    0.1662   0.02342  0.007089         0
      6/99     4.28G   0.01947  0.005351         0   0.02482        27       992    0.2006    0.9833    0.2097    0.1616    0.0235  0.007142         0
      7/99     6.37G   0.01881  0.005647         0   0.02445        28      1536     0.202      0.95    0.2132    0.1611   0.02484  0.007062         0
      8/99        4G   0.02163  0.008718         0   0.03035        29       576    0.1987    0.9798    0.2166    0.1644   0.02453  0.006957         0
      9/99     58.2G   0.01883  0.008343         0   0.02717        25       896    0.2192      0.75    0.2302    0.1753   0.02426  0.006724         0
     10/99     58.2G   0.01804  0.006507         0   0.02455        24       512    0.2181      0.95    0.2462    0.1922   0.02387  0.006827         0
     11/99     4.95G   0.02075  0.006163         0   0.02691        35      1248    0.2185    0.9833     0.251    0.1944   0.02317  0.006891         0
     12/99     62.1G   0.01855  0.005894         0   0.02444        23       512    0.2339       0.8    0.2564    0.1967   0.02419  0.006754         0
     13/99     3.11G   0.02093  0.008953         0   0.02989        24      1024    0.2325    0.8128    0.2846    0.2176   0.02391  0.006644         0
     14/99       49G   0.02002   0.01174         0   0.03176        30       992    0.2343      0.95    0.3172    0.2308   0.02429  0.006596         0
     15/99     2.84G   0.01708  0.008192         0   0.02527        35       832    0.2827       0.7     0.347    0.2553    0.0263  0.006543         0
     16/99     6.21G   0.01489  0.004972         0   0.01986        21      1472    0.4814       0.5    0.4036    0.3037   0.02694    0.0063         0
     17/99     47.3G   0.01766  0.007037         0    0.0247        24      1024    0.3527    0.6333     0.427    0.3142   0.02648   0.00635         0
     18/99      1.9G   0.02054  0.008576         0   0.02912        26       544    0.4193    0.6167    0.4952    0.3736   0.02647  0.006213         0
     19/99     64.9G   0.02004  0.006566         0   0.02661        29       960    0.5451       0.6    0.5668    0.4528   0.02576  0.005875         0
     20/99     3.94G   0.01864  0.006648         0   0.02529        28      1120     0.473    0.6167    0.5234     0.404   0.02743  0.005937         0
     21/99     30.6G   0.01937  0.008291         0   0.02766        27      1120    0.8431    0.6333    0.7415    0.5985   0.02724  0.005547         0
     22/99     6.25G   0.01957   0.00746         0   0.02703        35      1440    0.7442    0.7333    0.8026    0.6316   0.02727  0.005253         0
     23/99     3.15G   0.02075  0.005848         0    0.0266        27       928    0.9164    0.7667    0.8814    0.7199   0.02849  0.004508         0
     24/99     6.78G   0.01907  0.003739         0   0.02281        31      1504    0.8332    0.7493    0.8785    0.7337   0.02665  0.004681         0
     25/99     4.84G   0.02006  0.006215         0   0.02627        24      1152    0.8702    0.7833    0.8849    0.7098   0.02713  0.004742         0
     26/99      6.2G   0.02015  0.003887         0   0.02403        28      1216    0.9199    0.7661    0.8923    0.7271   0.02696  0.004419         0
     27/99     16.1G   0.01943  0.005672         0    0.0251        31       832    0.9444    0.8495    0.9419    0.7698   0.02793  0.004295         0
     28/99     4.62G   0.01733  0.002699         0   0.02003        35      1184    0.9074    0.8162    0.9243    0.7614   0.03005  0.004381         0
     29/99     61.1G   0.02106  0.004712         0   0.02577        31       576    0.7497       0.8     0.856    0.7083   0.03281  0.005292         0
     30/99     61.1G    0.0201  0.003976         0   0.02408        25      1280    0.9215    0.7828    0.9056    0.7557   0.02981  0.004973         0
     31/99     61.1G   0.01868  0.003991         0   0.02267        19      1440    0.9773    0.7333    0.9138    0.7121   0.02826  0.004513         0
     32/99     5.36G   0.02056  0.006356         0   0.02691        28      1344    0.9305       0.9    0.9582    0.7763   0.02669  0.004423         0
