      0/49     7.01G   0.02487   0.03536         0   0.06022        21       512    0.2007    0.9833     0.205    0.1484   0.02318  0.007743         0
      1/49     5.55G   0.02368   0.02611         0   0.04979        21      1408    0.2014    0.9667    0.2075    0.1488   0.02258  0.006887         0
      2/49     11.1G   0.02006    0.0165         0   0.03657        14      1536    0.2013    0.9996     0.204    0.1535   0.02137  0.006782         0
      3/49     11.1G    0.0226   0.01325         0   0.03585        20      1248    0.2019     0.999    0.2176    0.1627   0.02138   0.00673         0
      4/49     11.1G     0.022    0.0173         0   0.03931        20       832    0.2154    0.9654    0.2328    0.1762   0.02148  0.006633         0
      5/49     11.1G   0.01995   0.01712         0   0.03708        40      1536    0.2307      0.85     0.258    0.2039   0.02017  0.006524         0
      6/49     11.1G   0.01915   0.01679         0   0.03594        17      1184    0.2719    0.7167    0.2747    0.2073   0.02073  0.006372         0
      7/49     11.1G   0.02293   0.02247         0    0.0454        34       992    0.2382    0.8833    0.2575    0.2028   0.02104  0.006186         0
      8/49     11.1G   0.01854   0.01591         0   0.03445        32      1504    0.3471    0.6646    0.3764    0.2785   0.02184  0.005974         0
      9/49     11.1G   0.02028   0.01982         0    0.0401        39       544    0.4188       0.7    0.4404    0.3386   0.02271  0.005772         0
     10/49     11.1G   0.01845    0.0148         0   0.03325        22      1152    0.4865    0.6316    0.5971    0.4868   0.02337  0.005391         0
     11/49     11.1G   0.02176   0.01605         0   0.03781        31       768    0.5881    0.8328    0.7865    0.5884   0.02018  0.004994         0
     12/49     11.1G   0.01964   0.01299         0   0.03263        19      1504    0.8442    0.7333    0.8492    0.6099   0.02186  0.005026         0
     13/49     11.1G   0.02102   0.01044         0   0.03146        15      1184    0.8846       0.9    0.9302    0.6318   0.02162  0.004775         0
     14/49     11.1G   0.02031   0.01132         0   0.03163        21       928    0.8482    0.9333    0.9397    0.6519   0.02643  0.004262         0
     15/49     11.1G   0.02213  0.009239         0   0.03137        19       576    0.8922    0.9658    0.9704    0.7054   0.02435  0.004011         0
     16/49     11.1G   0.02387   0.01069         0   0.03456        20       736    0.8494     0.846    0.9103    0.6361   0.02849  0.004804         0
     17/49     11.1G   0.02028   0.01512         0    0.0354        30       832    0.9508     0.966    0.9799    0.7081   0.02598  0.004223         0
     18/49     11.1G   0.01992  0.009491         0   0.02941        18      1152    0.9226         1    0.9881    0.7189   0.02504  0.003927         0
     19/49     11.1G   0.01961   0.01055         0   0.03016        18      1024    0.8939    0.9826    0.9763    0.6991   0.02564  0.004086         0
     20/49     11.1G   0.02105  0.007935         0   0.02899        32       672    0.9667    0.9663    0.9882    0.7416   0.02314  0.004096         0
     21/49     11.1G   0.02045  0.008469         0   0.02891        22       960    0.9152       0.9    0.9519    0.6299   0.02333  0.004253         0
     22/49     11.1G   0.02013   0.01158         0   0.03171        39       704    0.9491    0.9331    0.9805    0.7109   0.02527  0.003663         0
     23/49     11.1G   0.02063  0.009687         0   0.03032        26       928    0.8923    0.9662     0.976    0.7386   0.02486  0.003573         0
     24/49     11.1G   0.02002  0.008707         0   0.02872        16      1024    0.9661    0.9496    0.9842    0.7235    0.0235  0.003812         0
     25/49     11.1G   0.02149  0.009695         0   0.03119        34       768         1    0.9494    0.9875    0.7441   0.02756  0.003866         0
     26/49     11.1G   0.02284  0.008945         0   0.03179        25       960         1    0.9333    0.9909    0.7925   0.02621  0.003587         0
     27/49     11.1G   0.02222  0.006047         0   0.02827        13      1536    0.9828    0.9499     0.989    0.7817   0.02709  0.003476         0
     28/49     11.1G   0.02139  0.006625         0   0.02801        21      1376    0.9666    0.9667     0.984     0.757   0.02644   0.00353         0
     29/49     11.1G   0.02267  0.009818         0   0.03249        27       768     0.966      0.95    0.9774    0.7534   0.02674  0.003566         0
     30/49     11.1G   0.01869  0.006673         0   0.02536        39      1344    0.9999      0.95    0.9878    0.7583   0.02495  0.003508         0
     31/49     11.1G   0.01922  0.007262         0   0.02648        26      1088    0.9831    0.9667    0.9926    0.7702   0.02533  0.003556         0
     32/49     11.1G   0.01939  0.006414         0    0.0258        23      1088    0.9672    0.9825    0.9931    0.8053   0.02265  0.003613         0
     33/49     11.1G   0.01904  0.009237         0   0.02828        18       512    0.9829    0.9667    0.9915    0.8064   0.02234  0.003697         0
     34/49     11.1G   0.01899  0.005967         0   0.02495        19      1536    0.9831    0.9833     0.994    0.8262   0.02403  0.003415         0
     35/49     11.1G   0.01831   0.00575         0   0.02406        18      1504     0.983    0.9665    0.9926    0.8171   0.02219  0.003428         0
     36/49     11.1G   0.01837  0.008673         0   0.02704        28       800         1    0.9667    0.9927    0.8057   0.02455  0.003392         0
     37/49     11.1G   0.01841  0.006961         0   0.02537        26      1408     0.983    0.9667    0.9907    0.8242   0.02129  0.003441         0
     38/49     11.1G   0.01901  0.008221         0   0.02724        15       640         1    0.9833    0.9933    0.8121   0.02133  0.003411         0
     39/49     11.1G   0.01674  0.004662         0    0.0214        32      1184    0.9833    0.9833     0.993    0.8247   0.01984  0.003386         0
     40/49     11.1G   0.01686  0.006377         0   0.02324        28      1024         1    0.9667    0.9926    0.7947   0.01922   0.00346         0
     41/49     11.1G   0.01912  0.007011         0   0.02613        27       960         1    0.9831    0.9928    0.8116    0.0184  0.003387         0
     42/49     11.1G   0.01837  0.008102         0   0.02648        23       736     0.967    0.9833    0.9919    0.8252    0.0181  0.003357         0
     43/49     11.1G   0.01822  0.005071         0   0.02329        26       928    0.9995    0.9667    0.9923    0.8103   0.01823  0.003448         0
     44/49     11.1G   0.01763  0.006868         0    0.0245        14       896    0.9999    0.9667    0.9927    0.8307   0.01805  0.003442         0
     45/49     11.1G   0.01684   0.01085         0   0.02769        28       512    0.9999    0.9667    0.9927    0.8449   0.01821  0.003431         0
     46/49     11.1G   0.01747    0.0104         0   0.02787        27      1408         1    0.9667    0.9925    0.8396   0.01793   0.00342         0
     47/49     11.1G   0.01731  0.005595         0    0.0229        17      1376         1    0.9667    0.9921    0.8347   0.01767  0.003426         0
     48/49     11.1G   0.01814  0.009278         0   0.02742        31      1472         1    0.9667    0.9923    0.8404   0.01742  0.003424         0
     49/49     11.1G   0.01927   0.01075         0   0.03002        30      1024         1    0.9667    0.9927     0.843   0.01732  0.003426         0
