      0/99     1.59G   0.03685  0.007185   0.01579   0.05982        77       640    0.9764    0.9537    0.9818    0.8022   0.05671   0.01428   0.01416
      1/99      4.9G   0.02785  0.005547  0.007837   0.04123        47       640     0.976    0.9568    0.9809    0.8051   0.04608   0.01652  0.009896
      2/99     9.84G   0.03002   0.00595  0.009912   0.04588        64       640    0.9742     0.952    0.9781    0.7963   0.03781   0.01802   0.01201
      3/99     9.84G     0.029  0.005618  0.009119   0.04374        68       640    0.9807    0.9581    0.9817    0.8103   0.03998   0.01924   0.02613
      4/99     9.84G   0.02885  0.005752  0.009627   0.04423        63       640    0.9838    0.9693    0.9862     0.821   0.03879   0.02007  0.008063
      5/99     9.84G    0.0276  0.005134  0.008173   0.04091        61       640    0.9833    0.9725     0.987     0.825   0.04749      0.02   0.01116
      6/99     9.84G   0.02728  0.005007  0.007966   0.04025        72       640    0.9879    0.9733     0.989    0.8351   0.04768   0.02083  0.006414
      7/99     9.84G   0.02696  0.004906  0.007483   0.03935        62       640    0.9901    0.9741    0.9894    0.8375   0.03373   0.02301  0.005948
      8/99     9.84G   0.02665  0.004922  0.007478   0.03905        80       640    0.9857    0.9794    0.9899    0.8376   0.02876   0.02444  0.006231
      9/99     9.84G   0.02698  0.004892  0.007528    0.0394        69       640    0.9866      0.98    0.9908     0.839   0.02903   0.02443  0.006735
     10/99     9.84G   0.02665  0.004902  0.007236   0.03878        53       640    0.9862    0.9815     0.991    0.8408   0.02984   0.02404  0.004281
     11/99     9.84G   0.02718  0.004861  0.007026   0.03907        60       640    0.9869    0.9811    0.9911    0.8411   0.02981   0.02427  0.003977
     12/99     9.84G   0.02689  0.004847   0.00727   0.03901        67       640     0.989    0.9791     0.991    0.8414   0.02971   0.02438  0.004363
     13/99     9.84G   0.02699  0.004849  0.007208   0.03905        70       640     0.989    0.9786    0.9909    0.8418   0.03045   0.02432    0.0054
     14/99     9.84G   0.02711   0.00485  0.007084   0.03904        71       640    0.9878    0.9793    0.9909    0.8424    0.0317   0.02412  0.005139
     15/99     9.84G   0.02673  0.004744  0.006856   0.03833        59       640    0.9902    0.9763    0.9911    0.8426   0.03247   0.02407  0.005474
     16/99     9.84G   0.02682  0.004762  0.006844   0.03842        84       640    0.9898    0.9771    0.9913    0.8429   0.03305   0.02402  0.005036
     17/99     9.84G   0.02695  0.004845  0.007033   0.03883        65       640    0.9886    0.9786    0.9915    0.8431   0.03324   0.02407  0.004734
     18/99     9.84G   0.02647  0.004669  0.006732   0.03788        62       640     0.988    0.9799    0.9916    0.8434   0.03325   0.02418  0.004399
