      0/99     40.8G   0.01926   0.02503         0   0.04429        26      1760    0.1916    0.8333    0.1991    0.1269   0.01461  0.007859         0
      1/99     6.77G    0.0208   0.01201         0   0.03282        31       800    0.1837    0.8328    0.1989    0.1303   0.01354  0.007369         0
      2/99     70.5G    0.0179    0.0109         0    0.0288        28      1664    0.1871    0.8833    0.1927    0.1289   0.01336  0.007362         0
      3/99     60.2G   0.01881  0.008754         0   0.02756        24       960    0.1815    0.8667    0.1908    0.1313   0.01261  0.007296         0
      4/99     6.67G   0.01866  0.007533         0    0.0262        34      1376    0.2075    0.7333    0.2224    0.1514   0.01258  0.006952         0
      5/99     8.11G   0.01875  0.007724         0   0.02647        27      1504     0.205    0.9667    0.2173    0.1507   0.01223  0.006843         0
      6/99     43.6G   0.01566  0.006372         0   0.02204        20      1760    0.1922    0.9667    0.2171    0.1568   0.01276   0.00677         0
      7/99     60.3G   0.01744   0.00789         0   0.02533        23      1216    0.2104       0.8    0.2158    0.1478   0.01221  0.006608         0
      8/99     70.6G   0.01523  0.007063         0   0.02229        20      1984    0.2212       0.9    0.2387    0.1653    0.0118  0.006531         0
      9/99     50.6G   0.01562   0.00746         0   0.02308        28      1888    0.2183    0.8611    0.2359    0.1659   0.01203  0.006435         0
     10/99     62.9G   0.01396  0.006547         0   0.02051        28      1984    0.2349    0.9167    0.2463    0.1859   0.01126  0.006102         0
     11/99     83.1G    0.0177   0.01118         0   0.02888        22       800    0.2064    0.9167    0.2473    0.1761   0.01225  0.006163         0
     12/99     69.3G   0.01703  0.009273         0    0.0263        26      1088    0.2349    0.9161    0.2819    0.2073   0.01281  0.006031         0
     13/99     69.3G   0.01587  0.006952         0   0.02282        28       800    0.3535    0.5832    0.3931    0.2976   0.01196  0.005831         0
     14/99     69.3G   0.01616  0.007511         0   0.02368        17      1216     0.297    0.7333    0.3746    0.2738    0.0129  0.005974         0
     15/99     66.3G   0.01277   0.00625         0   0.01903        33      2176    0.6571    0.5167     0.597    0.4387   0.01165  0.005315         0
     16/99     82.2G   0.01426  0.005389         0   0.01965        23      2272    0.5733      0.75    0.6676    0.4908    0.0129  0.005479         0
     17/99     82.2G    0.0167  0.006337         0   0.02304        18      1024    0.6368    0.7333    0.7802    0.5855   0.01249  0.005198         0
     18/99     82.2G   0.01644  0.006017         0   0.02245        24      1472    0.8331    0.6657    0.7932    0.5627   0.01439  0.004996         0
     19/99     82.2G   0.01542  0.004198         0   0.01962        26       800     0.805       0.9    0.9122    0.7072    0.0125  0.004213         0
     20/99     82.2G   0.01526  0.004225         0   0.01948        31      2144    0.9259    0.8333    0.9531      0.76   0.01184  0.003433         0
     21/99     82.2G   0.01622  0.004506         0   0.02073        33      1088    0.9525    0.6833    0.8763    0.6587   0.01231  0.004638         0
     22/99     69.5G   0.01518  0.003636         0   0.01882        35      1248    0.9607    0.8167    0.9181    0.7132   0.01276  0.004359         0
     23/99     69.5G    0.0152  0.004193         0    0.0194        31      1440    0.9244    0.8167    0.9283     0.727   0.01236  0.003833         0
     24/99     69.5G   0.01659  0.003506         0    0.0201        23      1856    0.9636    0.8831    0.9611    0.7525   0.01321  0.003482         0
     25/99     69.5G   0.02314  0.006543         0   0.02969        21      1152    0.8359    0.8493    0.8779    0.6708   0.01271  0.004271         0
