      0/99     13.4G    0.0214   0.01722         0   0.03862        26      1024    0.1947    0.9833    0.2048    0.1527   0.01842  0.008902         0
      1/99     13.4G   0.01911   0.00876         0   0.02787        22      1024    0.1912    0.9652     0.209     0.158   0.01822   0.00759         0
      2/99     15.6G   0.01967  0.007517         0   0.02718        29      1024     0.195    0.9333    0.2224    0.1755   0.01734  0.007446         0
      3/99     15.6G   0.01872  0.006559         0   0.02528        22      1024    0.1968    0.9312    0.2453    0.1884     0.018  0.007496         0
      4/99     15.6G   0.02139  0.006932         0   0.02832        33      1024    0.2004    0.9833    0.2363    0.1788   0.01814  0.007344         0
      5/99     15.6G   0.01881  0.006634         0   0.02544        29      1024    0.2069    0.9826    0.2378    0.1822    0.0182  0.007134         0
      6/99     15.6G   0.01877  0.005904         0   0.02467        26      1024    0.2175    0.9833    0.2515    0.1948   0.01899  0.007014         0
      7/99     15.6G   0.01875  0.006003         0   0.02475        25      1024    0.2526    0.5667     0.263    0.2037   0.01986  0.007022         0
      8/99     15.6G   0.01868  0.005964         0   0.02465        27      1024    0.2425       0.7     0.268    0.2152   0.01957  0.006968         0
      9/99     15.6G   0.02103  0.005928         0   0.02696        23      1024     0.245    0.8333    0.3015    0.2378    0.0174  0.006798         0
     10/99     15.6G   0.01626  0.005583         0   0.02185        27      1024      0.25    0.9167    0.3266    0.2463   0.01812  0.006921         0
     11/99     15.6G   0.01877   0.00606         0   0.02483        30      1024    0.3078      0.55    0.3393    0.2628   0.01868  0.006503         0
     12/99     15.6G   0.01689  0.005927         0   0.02282        29      1024    0.2919    0.8167    0.3985    0.3265   0.01871  0.006434         0
     13/99     15.6G   0.01736   0.00569         0   0.02305        26      1024     0.485      0.55    0.4905    0.3872   0.01906  0.006183         0
     14/99     15.6G   0.01895  0.005405         0   0.02435        24      1024    0.5369       0.6    0.5777    0.4554   0.02049  0.006107         0
     15/99     15.6G   0.02003  0.005154         0   0.02518        29      1024    0.6664    0.6333    0.6906    0.5156   0.01868  0.005962         0
     16/99     15.6G   0.01989  0.004708         0    0.0246        30      1024    0.8328       0.5    0.6821    0.5008   0.01996  0.005819         0
     17/99     15.6G   0.01737  0.004663         0   0.02203        24      1024    0.8946      0.85    0.9126    0.7366   0.01939  0.004801         0
     18/99     15.6G   0.01722  0.003801         0   0.02102        28      1024    0.7812     0.833    0.8818    0.7169   0.01997  0.004443         0
     19/99     15.6G   0.01841   0.00376         0   0.02217        31      1024    0.7419    0.8167     0.844    0.6755   0.02019  0.005238         0
     20/99     15.6G   0.02084  0.003837         0   0.02468        28      1024    0.8067    0.6333    0.7784    0.6064   0.01939  0.005713         0
     21/99     15.6G   0.01962  0.003246         0   0.02287        28      1024    0.7454    0.7321    0.8256    0.6307   0.01976  0.005473         0
     22/99     15.6G   0.02027  0.003284         0   0.02355        37      1024    0.6566    0.8333    0.8083    0.6347   0.02151  0.005594         0
     23/99     15.6G   0.02119  0.003317         0    0.0245        31      1024    0.8848       0.8    0.9141    0.7434   0.02014  0.005133         0
